8.46292	0.243462	0	0	8.46292	0.243462	8.6	0.25	-3.00029	0
8.44818	0.251553	-1.99579e-11	1.09554e-11	8.44818	0.251553	8.45	0.25	-3.00027	0
8.44836	0.238575	0.00316388	-0.259267	8.56759	0.241943	8.45	0.25	0	0
8.45589	0.251745	-0.0396119	0.0033218	8.45582	0.253997	8.45	0.25	0	0
8.85418	0.282023	-2.14233	0.255534	8.42544	0.254042	8.35	0.25	-1.81979	0
8.85291	0.285989	-2.77532	0.223063	8.23962	0.24916	8.25	0.25	-1.81978	0
8.7616	0.206636	-3.21852	-0.129228	7.93286	0.188391	8.05	0.2	-3.99976	-0.99994
8.69166	0.398894	-4.48219	0.524021	7.84073	0.159858	7.85	0.15	-3.99972	-0.99993
8.47048	0.54632	-4.92898	0.900892	7.61269	0.155818	7.7	0.15	-2.99982	0
8.19944	0.677136	-6.02744	0.964872	7.54016	0.159641	7.55	0.15	-2.99982	0
7.78038	0.89684	-6.5459	1.7397	7.50815	0.0953827	7.45	0.100001	-1.8165	-0.908239
7.41744	0.978888	-6.63199	1.52028	7.3426	0.0345312	7.35	0.0500011	-1.81648	-0.90823
7.02809	1.1537	-6.68243	2.24183	7.20598	0.00492725	7.2	9.49949e-07	-2.72851	-0.909507
6.75687	1.26388	-6.2414	2.12427	7.05406	-0.0533413	7.05	-0.0499992	-2.72849	-0.909499
6.41028	1.46689	-6.26154	2.88717	6.74585	-0.143185	6.95	-0.15	-1.81898	-1.81898
6.23658	1.6296	-5.59209	2.80628	6.84972	-0.258748	6.85	-0.25	-1.81896	-1.81897
5.98977	1.82359	-5.50054	3.29734	6.66966	-0.346668	6.75	-0.349999	-2.00076	-2.00075
5.81356	1.9915	-5.01852	3.19477	6.64329	-0.462604	6.65	-0.449999	-2.00076	-2.00075
5.61362	2.21448	-4.89978	3.75698	6.60862	-0.557035	6.6	-0.549999	-0.998836	-1.99769
5.41025	2.39013	-4.492	3.57683	6.56029	-0.650892	6.55	-0.65	-0.99884	-1.99769
5.23159	2.64909	-4.28233	4.07473	6.40696	-0.842921	6.5	-0.85	-0.908747	-3.63498
4.90217	2.78864	-4.06871	3.57275	6.45805	-1.05268	6.45	-1.05	-0.908739	-3.63494
4.82669	3.06271	-3.50164	4.00519	6.38626	-1.15695	6.35	-1.15	-1.81897	-1.81898
4.37657	3.07731	-3.57225	3.10535	6.25499	-1.25007	6.25	-1.25	-1.81896	-1.81896
4.34401	3.4066	-3.07053	4.12153	6.43125	-1.48148	6.3	-1.45	0.909739	-3.63894
3.84402	3.32184	-3.1293	2.95098	6.36328	-1.65656	6.35	-1.65	0.909727	-3.63891
3.95777	3.65319	-2.05006	3.86429	6.3228	-1.81431	6.3	-1.8	-0.999494	-2.9985
3.39927	3.3736	-2.29987	2.2831	6.24641	-1.95075	6.25	-1.95	-0.999489	-2.99847
3.64034	3.78492	-0.870423	3.85262	6.31851	-2.10969	6.3	-2.1	0.999984	-2.99994
3.15148	3.43175	-0.881072	2.25948	6.34644	-2.23829	6.35	-2.25	0.999979	-2.99994
3.69151	3.8767	1.84594	3.6473	6.32593	-2.40018	6.35	-2.4	0	-2.72613
3.32421	3.39159	2.14282	1.81229	6.34927	-2.55175	6.35	-2.55	0	-2.72611
3.72211	3.32744	3.4843	0.221492	6.43125	-2.71878	6.4	-2.7	0.909499	-2.72851
3.86125	2.41554	5.32165	-3.08538	6.43257	-2.84245	6.45	-2.85	0.909503	-2.72851
4.20086	2.33225	5.16958	-3.14999	6.46536	-3.00452	6.45	-3	0	-2.99754
4.25658	1.97338	4.57171	-4.39857	6.44119	-3.14955	6.45	-3.15	0	-2.99754
4.60504	1.7716	4.59606	-4.53068	6.52249	-3.32007	6.5	-3.3	0.910402	-2.7312
4.78875	1.43237	4.14585	-5.38967	6.5453	-3.45745	6.55	-3.45	0.910402	-2.7312
5.1398	1.16499	4.33926	-5.526	6.6358	-3.59197	6.65	-3.6	1.81722	-2.72583
5.45947	0.834988	4.32123	-6.18934	6.76011	-3.75457	6.75	-3.75	1.81721	-2.72581
5.86001	0.534787	4.69814	-6.13194	6.83625	-3.92723	6.8	-3.9	0.907988	-2.72396
6.23369	0.175523	4.79155	-6.67875	6.85997	-4.05805	6.85	-4.05	0.907976	-2.72393
6.64451	-0.158502	5.17562	-6.48578	6.86943	-4.18507	6.9	-4.2	0.909334	-2.72801
6.96949	-0.540013	5.06319	-6.88634	6.94332	-4.34473	6.95	-4.35	0.90933	-2.72799
7.37417	-0.883951	5.44121	-6.52963	7.05156	-4.49706	7	-4.45	0.910054	-1.8201
7.59001	-1.25131	5.0032	-6.74365	7.04099	-4.55018	7.05	-4.55	0.910054	-1.8201
7.93252	-1.59048	5.23872	-6.35231	7.10252	-4.67934	7.1	-4.7	0.908302	-2.72489
8.03888	-1.92112	4.54483	-6.41625	7.14735	-4.86125	7.15	-4.85	0.908297	-2.72489
8.33215	-2.25048	4.70731	-6.10825	7.3138	-5.05204	7.25	-5	1.81907	-2.72861
8.36758	-2.54402	3.91246	-6.07522	7.30424	-5.15404	7.35	-5.15	1.81907	-2.72861
8.5922	-2.84366	4.00702	-5.69595	7.29446	-5.23429	7.4	-5.3	0.908194	-2.7246
8.58752	-3.10112	3.21391	-5.61087	7.44737	-5.45308	7.45	-5.45	0.90819	-2.72457
8.78337	-3.3852	3.32608	-5.31959	7.63082	-5.61863	7.55	-5.55	1.81974	-1.81974
8.75923	-3.6165	2.59245	-5.21232	7.64356	-5.66706	7.65	-5.65	1.81972	-1.81972
8.8925	-3.87231	2.62418	-4.92703	7.60376	-5.74774	7.7	-5.8	0.90983	-2.72951
8.84697	-4.07947	1.94127	-4.8065	7.7342	-5.95374	7.75	-5.95	0.909826	-2.72948
8.93468	-4.31306	1.90223	-4.75232	7.82165	-6.06822	7.85	-6.1	1.9986	-2.9979
8.92802	-4.51632	1.47786	-4.69943	7.95703	-6.24328	7.95	-6.25	1.99858	-2.99787
9.03535	-4.77443	1.57452	-4.61219	8.17338	-6.44684	8.05	-6.35	1.81738	-1.81739
9.04062	-4.99901	1.21832	-4.58317	8.15891	-6.45335	8.15	-6.45	1.81737	-1.81737
9.09778	-5.23451	1.21701	-4.45493	8.08628	-6.51855	8.2	-6.6	0.909293	-2.72787
9.09427	-5.45171	0.899854	-4.4234	8.25411	-6.74791	8.25	-6.75	0.909293	-2.72787
9.13461	-5.68433	0.882749	-4.3521	8.25648	-6.78122	8.35	-6.85	1.81994	-1.81993
9.14162	-5.9077	0.665555	-4.34592	8.44494	-6.95805	8.45	-6.95	1.81993	-1.81993
9.16713	-6.11478	0.657634	-4.27649	8.39359	-7.01743	8.5	-7.1	1.00006	-3.00018
9.17731	-6.32053	0.512507	-4.27641	8.54925	-7.24433	8.55	-7.25	1.00006	-3.00018
9.20199	-6.54215	0.467566	-4.33986	8.64403	-7.39047	8.65	-7.4	1.99807	-2.99712
9.23181	-6.76873	0.416153	-4.38875	8.73559	-7.5421	8.75	-7.55	1.99808	-2.99712
9.27656	-7.01251	0.522311	-4.32889	8.87176	-7.71912	8.8	-7.65	0.909955	-1.8199
9.27951	-7.23624	0.39992	-4.30464	8.84538	-7.75497	8.85	-7.75	0.909946	-1.81988
9.2968	-7.44687	0.401082	-4.27276	8.88333	-7.88636	8.9	-7.9	0.999086	-2.9973
9.29891	-7.64993	0.315544	-4.24898	8.95966	-8.0381	8.95	-8.05	0.999095	-2.9973
9.30486	-7.85844	0.353708	-4.09036	8.8564	-8.01424	9	-8.15	0.909309	-1.8186
9.29201	-8.05939	0.244917	-4.02482	9.05896	-8.24314	9.05	-8.25	0.909301	-1.81859
9.30836	-8.26312	0.258037	-4.02769	9.17781	-8.47056	9.1	-8.4	1.0004	-3.00119
9.29959	-8.44729	0.187663	-3.97866	9.15332	-8.54857	9.15	-8.55	1.00038	-3.00117
9.31658	-8.65749	0.267151	-3.88816	9.22922	-8.6898	9.2	-8.65	0.909508	-1.819
9.29393	-8.83823	0.170679	-3.78881	9.24541	-8.76863	9.25	-8.75	0.9095	-1.81899
9.28996	-9.0415	0.0310458	-3.9397	9.37748	-9.00609	9.35	-8.95	1.99965	-3.99928
9.30777	-9.25228	0.0870639	-3.97879	9.44703	-9.15328	9.45	-9.15	1.99964	-3.99928
9.32052	-9.44852	0.158959	-3.92761	9.50096	-9.25642	9.5	-9.25	0.999584	-1.99917
9.31645	-9.63126	0.154076	-3.88257	9.54157	-9.35195	9.55	-9.35	0.999584	-1.99917
9.3175	-9.80774	0.188383	-3.78407	9.47534	-9.42627	9.55	-9.5	0	-3.00023
9.30553	-9.97322	0.161661	-3.71079	9.54779	-9.64959	9.55	-9.65	0	-3.0002
9.31923	-10.1647	0.178005	-3.73029	9.69942	-9.88416	9.6	-9.8	0.999005	-2.997
9.31063	-10.3301	0.171136	-3.66422	9.64606	-9.9341	9.65	-9.95	0.998995	-2.997
9.31432	-10.5092	0.227464	-3.53859	9.60087	-9.96395	9.7	-10.05	0.909855	-1.81969
9.29687	-10.6663	0.208291	-3.42012	9.73801	-10.1396	9.75	-10.15	0.909847	-1.81969
9.32348	-10.8472	0.284979	-3.42495	9.92627	-10.4745	9.75	-10.3	0	-3.00065
9.31124	-10.9847	0.269705	-3.32595	9.75524	-10.4732	9.75	-10.45	0	-3.00063
9.31085	-11.1489	0.241233	-3.26565	9.71825	-10.5087	9.8	-10.6	0.90817	-2.72451
9.30909	-11.3046	0.274318	-3.18961	9.85048	-10.7526	9.85	-10.75	0.908161	-2.72448
9.33145	-11.4718	0.358699	-3.11616	9.88465	-10.9383	9.85	-10.9	0	-2.73074
9.32219	-11.6025	0.356419	-2.99505	9.83614	-11.041	9.85	-11.05	0	-2.73073
9.33593	-11.7402	0.377084	-2.93926	9.83952	-11.1692	9.85	-11.2	0	-2.99965
9.33858	-11.8617	0.400931	-2.87034	9.84568	-11.3496	9.85	-11.35	0	-2.99961
9.36279	-12.0034	0.44054	-2.84685	9.87961	-11.5637	9.85	-11.5	0	-2.99843
9.36529	-12.1161	0.453035	-2.76629	9.83206	-11.6307	9.85	-11.65	0	-2.99843
9.41305	-12.239	0.689166	-2.57957	9.85311	-11.8523	9.8	-11.75	-1.0003	-2.00061
9.40317	-12.3099	0.627707	-2.41752	9.74928	-11.8442	9.75	-11.85	-1.00029	-2.00059
9.42901	-12.4061	0.675058	-2.28247	9.69694	-11.9706	9.7	-12	-1.0004	-3.00119
9.43008	-12.4773	0.631743	-2.16982	9.65354	-12.1497	9.65	-12.15	-1.00039	-3.00116
9.48806	-12.5716	0.834641	-1.99213	9.72311	-12.3964	9.6	-12.25	-0.999885	-1.99981
9.47695	-12.609	0.721267	-1.82193	9.54859	-12.3478	9.55	-12.35	-0.999884	-1.99979
9.51431	-12.6295	0.883493	-1.33212	9.39039	-12.3902	9.45	-12.45	-1.99803	-1.99805
9.49537	-12.6352	0.697983	-1.16609	9.36086	-12.5501	9.35	-12.55	-1.99804	-1.99804
9.50494	-12.6613	0.577371	-0.928962	9.34456	-12.7106	9.3	-12.65	-0.909773	-1.81953
9.46691	-12.683	0.316701	-0.888867	9.22134	-12.7613	9.25	-12.75	-0.909773	-1.81954
9.57423	-12.673	0.689977	-0.463595	9.15326	-13.0031	9.05	-12.85	-3.99257	-1.99629
9.46374	-12.6392	0.124616	-0.266785	8.84161	-12.9519	8.85	-12.95	-3.99253	-1.99627
9.41109	-12.6116	-0.139561	0.0198088	8.71632	-12.9613	8.75	-13	-1.8213	-0.910651
9.23004	-12.6298	-0.836907	-0.10982	8.66358	-13.0431	8.65	-13.05	-1.8213	-0.910651
9.20304	-12.6334	-0.791063	-0.0857047	8.54518	-13.1702	8.5	-13.1	-2.997	-0.999005
9.12951	-12.6224	-1.01627	-0.0294872	8.35763	-13.1557	8.35	-13.15	-2.997	-0.998995
9.08951	-12.6045	-0.863305	0.129206	8.22926	-13.1698	8.2	-13.15	-2.72741	0
8.98202	-12.5547	-1.18994	0.277326	8.03583	-13.1513	8.05	-13.15	-2.72742	0
8.91212	-12.5169	-1.16172	0.403647	7.82914	-13.0525	7.9	-13.15	-2.72986	0
8.78486	-12.4538	-1.52882	0.557459	7.76538	-13.1647	7.75	-13.15	-2.72986	0
8.69435	-12.4446	-1.67707	0.437407	7.66146	-13.3079	7.6	-13.2	-2.9979	-0.999304
8.57141	-12.4038	-1.96425	0.531335	7.44786	-13.2517	7.45	-13.25	-2.9979	-0.999304
8.4562	-12.3685	-1.99778	0.555063	7.21108	-13.0985	7.3	-13.25	-2.72846	0
8.33476	-12.3455	-2.19866	0.538572	7.16011	-13.2382	7.15	-13.25	-2.72844	0
8.22302	-12.2978	-2.14243	0.654787	6.88472	-12.9588	7	-13.2	-2.99784	0.999284
8.09837	-12.2593	-2.33425	0.689486	6.84891	-13.1493	6.85	-13.15	-2.99784	0.999284
7.98772	-12.2419	-2.28032	0.648682	6.77424	-13.2337	6.7	-13.1	-2.72787	0.909275
7.8374	-12.1927	-2.50894	0.698183	6.55759	-13.0679	6.55	-13.05	-2.72787	0.909284
7.69774	-12.1707	-2.58478	0.617215	6.40137	-13.0799	6.4	-13.05	-2.72678	0
7.54904	-12.1476	-2.76361	0.595864	6.26174	-13.0534	6.25	-13.05	-2.72678	0
7.40475	-12.1288	-2.7592	0.558424	6.10143	-13.0076	6.1	-13	-2.72966	0.909888
7.24266	-12.1002	-2.93512	0.559196	5.94198	-12.9494	5.95	-12.95	-2.72963	0.90988
7.11465	-12.0733	-2.78503	0.62499	5.79854	-12.8478	5.8	-12.85	-2.99777	1.99851
6.94505	-12.0078	-2.98036	0.739705	5.65107	-12.7365	5.65	-12.75	-2.99778	1.99852
6.77207	-11.9636	-3.04933	0.734	5.50547	-12.5721	5.55	-12.7	-1.81798	0.908995
6.59938	-11.9309	-3.18798	0.722074	5.43839	-12.652	5.45	-12.65	-1.81799	0.908995
6.43326	-11.8905	-3.11046	0.762157	5.27506	-12.4782	5.3	-12.55	-2.72627	1.81753
6.24987	-11.8421	-3.25762	0.790119	5.1307	-12.4684	5.15	-12.45	-2.72625	1.8175
6.07709	-11.8058	-3.23179	0.783467	5.04446	-12.3808	5.05	-12.35	-1.8199	1.81989
5.886	-11.7509	-3.363	0.827929	4.92985	-12.2499	4.95	-12.25	-1.81991	1.8199
5.71525	-11.6924	-3.32701	0.905135	4.75061	-11.9803	4.85	-12.15	-1.99928	1.99929
5.54597	-11.6504	-3.40262	0.909587	4.75915	-12.0666	4.75	-12.05	-1.99928	1.99928
5.36643	-11.5998	-3.32948	0.941705	4.69113	-11.9084	4.7	-11.9	-0.908236	2.72471
5.16933	-11.5273	-3.41362	1.00813	4.64378	-11.7442	4.65	-11.75	-0.908231	2.7247
4.9776	-11.4703	-3.44774	1.00553	4.59746	-11.6205	4.6	-11.65	-0.909847	1.81971
4.79308	-11.4293	-3.46099	0.969156	4.54975	-11.5706	4.55	-11.55	-0.909843	1.81969
4.64446	-11.3727	-3.20152	1.07108	4.47442	-11.3673	4.5	-11.35	-1.0008	4.0032
4.45871	-11.2603	-3.26	1.23997	4.44059	-11.1496	4.45	-11.15	-1.0008	4.00321
4.26855	-11.184	-3.33784	1.23983	4.43713	-11.024	4.45	-11.05	0	1.81614
4.08301	-11.1051	-3.30452	1.26054	4.45136	-10.93	4.45	-10.95	0	1.81612
3.90564	-11.0338	-3.25522	1.27383	4.44745	-10.786	4.45	-10.8	0	2.72555
3.72705	-10.9514	-3.17896	1.28857	4.45788	-10.6457	4.45	-10.65	0	2.72554
3.55941	-10.887	-3.12663	1.27119	4.46329	-10.5756	4.45	-10.5	0	2.729
3.38334	-10.7837	-3.02644	1.33111	4.44057	-10.3382	4.45	-10.35	0	2.72898
3.22141	-10.7165	-2.99492	1.30276	4.51895	-10.2367	4.5	-10.2	0.908962	2.72687
3.05741	-10.612	-2.83528	1.33808	4.54925	-10.0439	4.55	-10.05	0.908954	2.72685
2.91072	-10.5534	-2.77999	1.27905	4.63224	-9.9707	4.6	-9.9	0.909756	2.72927
2.75911	-10.436	-2.57235	1.32729	4.63755	-9.74952	4.65	-9.75	0.909752	2.72926
2.62403	-10.3531	-2.48392	1.34011	4.60757	-9.4335	4.7	-9.6	0.90859	2.72578
2.49531	-10.2326	-2.20788	1.35053	4.74589	-9.4609	4.75	-9.45	0.908586	2.72576
2.38325	-10.1942	-2.18949	1.18823	4.89179	-9.39473	4.85	-9.3	1.81967	2.72952
2.27643	-10.0631	-1.8223	1.19015	4.94849	-9.13867	4.95	-9.15	1.81967	2.72951
2.18927	-10.0296	-1.82837	1.02639	4.95209	-8.96272	5	-9.05	0.999884	1.99977
2.12638	-9.93084	-1.39276	0.906638	5.04121	-8.94979	5.05	-8.95	0.999874	1.99974
2.08189	-9.93802	-1.22254	0.661664	5.20806	-8.88942	5.15	-8.8	1.81805	2.72708
2.0648	-9.82208	-0.571315	0.541052	5.26887	-8.63564	5.25	-8.65	1.81803	2.72705
2.09374	-9.85673	-0.233374	0.261643	5.3785	-8.56768	5.35	-8.55	1.99956	1.99957
2.28798	-9.80649	1.21395	-0.135784	5.44864	-8.42738	5.45	-8.45	1.99954	1.99954
2.31526	-9.77468	1.02652	0.107334	5.56465	-8.44845	5.5	-8.35	0.909045	1.81807
2.40236	-9.44846	1.66403	1.28274	5.53862	-8.24357	5.55	-8.25	0.909045	1.81808
2.49741	-9.366	1.67262	1.39621	5.64921	-8.02513	5.7	-8.1	2.72608	2.72608
2.59368	-9.0866	1.93888	2.30181	5.85094	-7.95601	5.85	-7.95	2.72606	2.72606
2.72781	-8.96269	2.15388	2.40205	5.93492	-7.84119	5.95	-7.85	1.81801	1.81801
2.85476	-8.73241	2.3743	3.00976	6.05986	-7.73559	6.05	-7.75	1.81802	1.81801
3.02363	-8.59544	2.66203	3.04675	6.13741	-7.63243	6.15	-7.65	1.81798	1.81798
3.1999	-8.44282	2.94672	3.28101	6.25659	-7.54336	6.25	-7.55	1.81798	1.81798
3.40766	-8.31571	3.25884	3.2481	6.39143	-7.46358	6.35	-7.45	1.82027	1.82027
3.64246	-8.23194	3.61183	3.22361	6.452	-7.36418	6.45	-7.35	1.82025	1.82025
3.86181	-8.10249	3.88747	3.25704	6.47916	-7.09783	6.6	-7.25	2.99862	1.99908
4.12684	-8.06469	4.23982	3.11744	6.7556	-7.14598	6.75	-7.15	2.99862	1.99908
4.38784	-7.94044	4.35211	3.03237	6.68682	-6.93297	6.8	-7.05	0.908005	1.816
4.69763	-7.87837	4.69198	2.93634	6.86356	-6.94732	6.85	-6.95	0.908	1.81601
4.99699	-7.77281	4.87336	2.84727	7.08741	-6.92602	7	-6.85	2.72856	1.81904
5.32966	-7.70034	5.16411	2.78912	7.15695	-6.75136	7.15	-6.75	2.72854	1.81902
5.63884	-7.59609	5.20486	2.64218	7.29976	-6.68807	7.25	-6.65	1.8202	1.8202
5.96092	-7.48716	5.37414	2.67984	7.35505	-6.56058	7.35	-6.55	1.82018	1.82018
6.25067	-7.37668	5.44825	2.64325	7.53544	-6.5372	7.5	-6.5	2.99964	0.999884
6.5575	-7.27818	5.58294	2.65142	7.65664	-6.46417	7.65	-6.45	2.99964	0.999884
6.86568	-7.14611	5.53258	2.56425	7.67559	-6.34628	7.75	-6.4	1.81709	0.908549
7.17448	-7.00385	5.56577	2.63804	7.85193	-6.35845	7.85	-6.35	1.81709	0.908545
7.48031	-6.87356	5.50813	2.53347	8.03231	-6.28406	8	-6.25	2.72931	1.81954
7.74677	-6.69702	5.40584	2.67559	8.13749	-6.14586	8.15	-6.15	2.72928	1.81952
7.99881	-6.56854	5.26667	2.54398	8.21488	-6.01843	8.25	-6.05	1.99977	1.99976
8.19032	-6.37995	5.04747	2.71853	8.33626	-5.94674	8.35	-5.95	1.99977	1.99976
8.45208	-6.22607	4.96698	2.68006	8.50318	-5.89335	8.5	-5.9	2.72796	0.909326
8.67108	-6.03757	4.80435	2.78824	8.65894	-5.86309	8.65	-5.85	2.72796	0.909321
8.91424	-5.88921	4.6704	2.65143	8.77185	-5.74314	8.75	-5.75	1.81776	1.81775
9.07094	-5.6766	4.36973	2.80036	8.85444	-5.64273	8.85	-5.65	1.81774	1.81773
9.27042	-5.54109	4.25435	2.67087	9.02394	-5.6024	8.95	-5.55	1.99657	1.99656
9.3748	-5.3417	3.93345	2.80599	9.05088	-5.45385	9.05	-5.45	1.99654	1.99655
9.55109	-5.16753	3.80368	2.82433	9.04088	-5.29691	9.2	-5.4	2.72728	0.909094
9.68992	-4.97528	3.59889	2.8714	9.34223	-5.32623	9.35	-5.35	2.72727	0.90909
9.86382	-4.82005	3.48458	2.75358	9.39579	-5.21659	9.45	-5.25	1.81816	1.81815
9.97328	-4.63032	3.24964	2.78744	9.55303	-5.13194	9.55	-5.15	1.81813	1.81813
10.1456	-4.48728	3.20019	2.66687	9.75019	-5.14652	9.65	-5.05	1.82036	1.82036
10.2291	-4.30204	2.94259	2.69061	9.7586	-4.93134	9.75	-4.95	1.82036	1.82037
10.3783	-4.16118	2.87676	2.57521	9.9198	-4.86941	9.85	-4.85	1.81578	1.81577
10.4465	-3.98593	2.63205	2.57411	9.95641	-4.74358	9.95	-4.75	1.81575	1.81575
10.5634	-3.84692	2.52395	2.46344	10.0029	-4.54771	10.05	-4.6	1.82039	2.7306
10.6106	-3.68087	2.28116	2.45489	10.1428	-4.45119	10.15	-4.45	1.8204	2.7306
10.7112	-3.5469	2.19169	2.37114	10.1981	-4.26556	10.25	-4.3	1.81769	2.72652
10.7635	-3.39693	2.01966	2.3377	10.3644	-4.16342	10.35	-4.15	1.81768	2.7265
10.8794	-3.26993	2.04285	2.33261	10.5985	-4.12247	10.45	-4.05	1.81792	1.81792
10.928	-3.12602	1.88959	2.28393	10.5415	-3.9454	10.55	-3.95	1.8179	1.8179
11.0295	-3.00423	1.88285	2.23934	10.7092	-3.85166	10.65	-3.85	1.81903	1.81904
11.0952	-2.87576	1.8081	2.16283	10.7616	-3.75002	10.75	-3.75	1.81902	1.81903
11.1815	-2.77011	1.74748	2.0022	10.795	-3.60617	10.8	-3.6	0.909773	2.72931
11.2065	-2.64588	1.58033	1.94909	10.8527	-3.46164	10.85	-3.45	0.909764	2.72928
11.2754	-2.54299	1.56631	1.9795	10.9584	-3.30584	10.95	-3.3	1.99953	2.99928
11.313	-2.43796	1.48749	1.92807	11.0447	-3.1561	11.05	-3.15	1.9995	2.99925
11.3871	-2.34637	1.44476	1.76776	11.1178	-2.98807	11.1	-3	0.907725	2.72317
11.4054	-2.2389	1.30246	1.7218	11.1427	-2.86566	11.15	-2.85	0.907708	2.72314
11.4554	-2.15139	1.22547	1.61291	11.1491	-2.68183	11.2	-2.7	0.908929	2.72678
11.4672	-2.05398	1.09871	1.57672	11.2525	-2.55311	11.25	-2.55	0.908929	2.72678
11.4931	-2.00593	0.926484	1.1588	11.1188	-2.36202	11.2	-2.4	-0.909276	2.72782
11.4295	-1.91923	0.628691	1.16805	11.1594	-2.25598	11.15	-2.25	-0.909276	2.72782
11.4506	-1.82814	0.657168	1.38804	11.2029	-2.09837	11.25	-2.1	1.81915	2.72871
11.4567	-1.74768	0.593998	1.37031	11.3525	-1.95787	11.35	-1.95	1.81913	2.72869
11.4775	-1.68606	0.547019	1.24158	11.3011	-1.79507	11.35	-1.8	0	2.73035
11.4481	-1.60573	0.386113	1.25315	11.3326	-1.67041	11.35	-1.65	0	2.73033
11.4171	-1.56772	0.180696	0.959927	11.0622	-1.44342	11.3	-1.5	-0.999165	2.99748
11.3545	-1.50194	-0.0322261	1.01272	11.2595	-1.35818	11.25	-1.35	-0.999155	2.99745
11.3188	-1.46744	-0.203345	0.788071	11.1658	-1.23674	11.2	-1.25	-0.909822	1.81964
11.2292	-1.3996	-0.446591	0.883695	11.1524	-1.15803	11.15	-1.15	-0.909822	1.81964
11.1499	-1.40206	-0.756853	0.452819	10.8534	-0.929069	11.05	-0.95	-1.99817	3.99632
11.0004	-1.3327	-1.14683	0.661358	10.9584	-0.728742	10.95	-0.75	-1.99816	3.99632
10.9192	-1.27856	-1.1881	0.76211	10.8608	-0.663121	10.9	-0.649999	-0.908549	1.8171
10.7852	-1.17793	-1.4812	1.06101	10.8648	-0.553034	10.85	-0.549999	-0.908532	1.81708
10.711	-1.13447	-1.4932	0.983472	10.8451	-0.437482	10.75	-0.45	-1.8174	1.81738
10.5803	-1.04791	-1.72434	1.16346	10.6542	-0.347474	10.65	-0.35	-1.8174	1.81738
10.4772	-1.02547	-1.82644	0.856195	10.5062	-0.245062	10.5	-0.25	-2.72796	1.81864
10.3043	-0.941431	-2.13574	1.05638	10.3438	-0.150982	10.35	-0.15	-2.72796	1.81864
10.208	-0.869059	-2.07972	1.18698	10.4884	-0.0812124	10.25	-0.0999996	-1.81964	0.909826
10.0534	-0.769246	-2.30478	1.39817	10.1537	-0.0482457	10.15	-0.0499992	-1.81963	0.909818
9.91864	-0.696671	-2.35543	1.35929	9.92588	0.00395802	10	9.49949e-07	-2.73049	0.910169
9.77311	-0.605195	-2.47835	1.48675	9.85676	0.0351738	9.85	0.0500011	-2.73047	0.910161
9.62872	-0.525421	-2.52613	1.46024	9.63973	0.0585714	9.7	0.0500011	-2.72439	0
9.48387	-0.434468	-2.59845	1.55006	9.54669	0.0374948	9.55	0.0500011	-2.72438	0
9.33268	-0.350472	-2.64211	1.53063	9.32242	0.112393	9.4	0.100001	-2.72773	0.90923
9.18783	-0.258337	-2.68966	1.60476	9.24446	0.153574	9.25	0.15	-2.7277	0.909222
9.03723	-0.168219	-2.71107	1.61588	9.0614	0.20077	9.1	0.2	-2.72652	0.908843
8.89606	-0.0739705	-2.7283	1.67342	8.94752	0.260272	8.95	0.25	-2.72653	0.908843
8.75479	0.0436304	-2.69696	1.8877	8.90199	0.247143	8.85	0.25	-1.81847	0
8.66117	0.144604	-2.55825	1.90713	8.76016	0.263752	8.75	0.25	-1.81846	0
8.52604	0.21964	-2.54731	1.66466	8.46355	0.258809	8.55	0.25	-3.6326	0
8.37461	0.310956	-2.57224	1.6542	8.35367	0.252596	8.35	0.25	-3.6326	0
8.21409	0.397101	-2.62287	1.60383	8.05161	0.241868	8.2	0.25	-2.72841	0
8.06824	0.481076	-2.59805	1.56555	8.05411	0.247878	8.05	0.25	-2.72842	0
7.91503	0.563479	-2.60915	1.53385	7.78653	0.205765	7.9	0.2	-2.72708	-0.909025
7.76749	0.63812	-2.55343	1.45003	7.74339	0.144028	7.75	0.15	-2.72705	-0.909016
7.65699	0.703747	-2.43723	1.35479	7.77346	0.0969346	7.6	0.100001	-2.73169	-0.910554
7.50299	0.762524	-2.38755	1.22445	7.45362	0.0452052	7.45	0.0500011	-2.73169	-0.910554
7.37728	0.78796	-2.37136	0.946385	7.15329	0.0425189	7.3	0.0500011	-2.99789	0
7.2328	0.815689	-2.31251	0.801006	7.16618	0.0287673	7.15	0.0500011	-2.9979	0
7.14805	0.865349	-2.06194	0.885727	7.17215	-0.0469302	7.05	-0.0499995	-1.81811	-1.81813
7.03438	0.868859	-1.84959	0.605852	6.95426	-0.147757	6.95	-0.15	-1.8181	-1.81811
6.9768	0.872132	-1.57767	0.465896	6.83008	-0.250179	6.85	-0.25	-1.81646	-1.81646
6.89959	0.820473	-1.25626	0.0508574	6.76395	-0.345347	6.75	-0.35	-1.81645	-1.81645
6.86463	0.746334	-1.13143	-0.361912	6.74798	-0.457727	6.65	-0.45	-1.81901	-1.819
6.79858	0.548207	-0.859706	-1.19863	6.54569	-0.565853	6.55	-0.549999	-1.81899	-1.81898
6.74007	0.435429	-0.938012	-1.41564	6.565	-0.754748	6.5	-0.749999	-0.909789	-3.63914
6.56157	0.271121	-1.37788	-1.92545	6.4494	-0.940848	6.45	-0.949999	-0.909781	-3.63911
6.45736	0.125928	-1.55826	-2.1991	6.44213	-1.11266	6.4	-1.1	-1.0002	-3.00061
6.31945	-0.0234365	-1.88242	-2.45889	6.34405	-1.26138	6.35	-1.25	-1.0002	-3.00061
6.19836	-0.199604	-2.02815	-2.83585	6.39474	-1.36501	6.3	-1.35	-1.00035	-2.00072
6.11801	-0.358057	-2.08867	-3.00585	6.25356	-1.42931	6.25	-1.45	-1.00036	-2.00072
5.98302	-0.582273	-2.25874	-3.59038	6.24787	-1.61119	6.25	-1.6	0	-2.99288
5.98654	-0.775857	-2.00739	-3.77569	6.23547	-1.75335	6.25	-1.75	0	-2.99285
5.87399	-1.0468	-2.1126	-4.32174	6.41111	-1.93027	6.3	-1.9	0.909739	-2.72921
5.985	-1.31897	-1.52081	-4.60824	6.34873	-2.05372	6.35	-2.05	0.909735	-2.72921
5.95094	-1.60492	-1.44072	-4.87521	6.53066	-2.26346	6.35	-2.2	0	-2.72782
6.07429	-1.92402	-0.911335	-5.16375	6.36917	-2.33894	6.35	-2.35	0	-2.72779
6.05072	-2.22161	-0.861302	-5.25406	6.27034	-2.51837	6.35	-2.55	0	-3.63689
6.13853	-2.55765	-0.509263	-5.46596	6.34287	-2.73391	6.35	-2.75	0	-3.63689
6.14101	-2.87523	-0.442673	-5.56237	6.45883	-2.92313	6.4	-2.9	0.908854	-2.72658
6.20035	-3.21652	-0.201828	-5.69087	6.43866	-3.06257	6.45	-3.05	0.908859	-2.72658
6.21311	-3.53194	-0.0963162	-5.66145	6.49154	-3.20004	6.5	-3.2	0.908863	-2.72658
6.22532	-3.84829	0.0060796	-5.65829	6.53579	-3.34211	6.55	-3.35	0.908855	-2.72655
6.25516	-4.15955	0.165297	-5.58843	6.70146	-3.53446	6.6	-3.5	0.908714	-2.72613
6.22902	-4.43733	0.164735	-5.46032	6.64657	-3.63945	6.65	-3.65	0.908702	-2.72611
6.25138	-4.72576	0.300294	-5.34383	6.70956	-3.81739	6.7	-3.8	0.909565	-2.72871
6.20367	-4.9637	0.252266	-5.13449	6.74885	-3.96368	6.75	-3.95	0.909561	-2.72869
6.22275	-5.22283	0.395817	-4.96275	6.73758	-4.06653	6.8	-4.1	0.908566	-2.72568
6.16549	-5.42089	0.337273	-4.70063	6.85796	-4.25464	6.85	-4.25	0.908561	-2.72569
6.20146	-5.68355	0.446474	-4.69964	7.10395	-4.49091	6.95	-4.4	1.81821	-2.72732
6.15754	-5.86713	0.448619	-4.44919	7.04679	-4.55716	7.05	-4.55	1.81822	-2.72732
6.18873	-6.09018	0.593216	-4.314	7.02393	-4.64459	7.1	-4.7	0.91085	-2.73253
6.1457	-6.23857	0.599601	-4.03204	7.13435	-4.85502	7.15	-4.85	0.910837	-2.73251
6.19829	-6.42575	0.815865	-3.89465	7.24619	-4.97656	7.2	-4.95	1.00033	-2.00068
6.16388	-6.52749	0.836809	-3.62935	7.25317	-5.04605	7.25	-5.05	1.00033	-2.00066
6.19516	-6.70127	0.839243	-3.66126	7.22054	-5.09604	7.35	-5.2	1.9976	-2.9964
6.2126	-6.82939	1.03256	-3.52204	7.43604	-5.34825	7.45	-5.35	1.9976	-2.9964
6.30387	-6.99637	1.33444	-3.29593	7.40989	-5.38617	7.5	-5.45	0.908252	-1.8165
6.33672	-7.09663	1.53339	-3.07328	7.55662	-5.56714	7.55	-5.55	0.908244	-1.81648
6.41614	-7.23334	1.6377	-2.94921	7.39379	-5.52612	7.65	-5.7	1.81785	-2.72677
6.54695	-7.34492	2.19023	-2.84031	7.76459	-5.8425	7.75	-5.85	1.81785	-2.72677
6.62126	-7.37355	2.00609	-1.91868	7.84699	-6.00602	7.8	-5.95	0.909078	-1.81815
6.89114	-7.38178	3.03677	-1.56283	7.85921	-6.04502	7.85	-6.05	0.909073	-1.81815
7.0335	-7.44613	2.96128	-1.47577	7.89511	-6.1416	7.95	-6.2	1.8197	-2.72955
7.1502	-7.41589	2.9515	-0.935384	8.05619	-6.36041	8.05	-6.35	1.81969	-2.72953
7.3147	-7.45325	2.97564	-0.841902	8.2234	-6.53735	8.15	-6.5	1.8187	-2.72807
7.46014	-7.44932	2.935	-0.536437	8.25446	-6.64851	8.25	-6.65	1.81869	-2.72804
7.61559	-7.4898	2.85108	-0.597328	8.32206	-6.77114	8.3	-6.75	0.908979	-1.81795
7.74732	-7.4781	2.7729	-0.360291	8.31728	-6.8399	8.35	-6.85	0.908979	-1.81795
7.8929	-7.48129	2.76526	-0.280956	8.2713	-6.91098	8.4	-7	0.909094	-2.72732
8.05272	-7.49586	2.79099	-0.209243	8.44183	-7.15372	8.45	-7.15	0.909102	-2.72732
8.22095	-7.49369	2.91568	-0.07909	8.54154	-7.25975	8.55	-7.3	1.81751	-2.72628
8.428	-7.54323	3.0609	-0.172112	8.65899	-7.4699	8.65	-7.45	1.81752	-2.72628
8.61402	-7.58183	3.08209	-0.286296	8.83598	-7.68162	8.7	-7.55	0.908615	-1.81723
8.78854	-7.60295	3.09689	-0.305143	8.76769	-7.64094	8.75	-7.65	0.908607	-1.81721
8.9603	-7.606	3.15547	-0.215585	8.77916	-7.72457	8.85	-7.8	1.8215	-2.73224
9.15989	-7.64793	3.23309	-0.338177	8.95669	-7.95155	8.95	-7.95	1.82148	-2.73221
9.3415	-7.67933	3.31157	-0.363936	9.1081	-8.22433	9	-8.1	0.999025	-2.99707
9.51308	-7.71059	3.33459	-0.47236	9.05476	-8.24211	9.05	-8.25	0.999015	-2.99704
9.68892	-7.76026	3.2155	-0.662329	9.13825	-8.4037	9.1	-8.35	0.908285	-1.81657
9.83002	-7.77663	3.11247	-0.72245	9.14025	-8.44981	9.15	-8.45	0.908268	-1.81655
9.9924	-7.81847	3.06457	-0.772799	9.22081	-8.59155	9.2	-8.6	0.91012	-2.73036
10.1316	-7.85505	2.99582	-0.92631	9.25031	-8.76071	9.25	-8.75	0.910112	-2.73033
10.2875	-7.9125	2.94115	-1.00418	9.30208	-8.90831	9.3	-8.9	0.909524	-2.72856
10.4117	-7.96476	2.86294	-1.22679	9.34431	-9.04587	9.35	-9.05	0.909524	-2.72856
10.5476	-8.03176	2.82735	-1.29564	9.39993	-9.18842	9.4	-9.2	0.999066	-2.99725
10.6663	-8.12807	2.8291	-1.69385	9.4452	-9.37195	9.45	-9.35	0.999075	-2.99724
10.7798	-8.22574	2.54523	-1.79032	9.48751	-9.46421	9.5	-9.5	0.909706	-2.7291
10.8816	-8.43099	2.49148	-2.59221	9.55098	-9.64789	9.55	-9.65	0.909706	-2.7291
10.9742	-8.49908	2.3576	-2.33776	9.57122	-9.75525	9.6	-9.8	1.00048	-3.00143
10.9311	-8.58701	1.59808	-2.47449	9.62408	-9.94149	9.65	-9.95	1.00046	-3.00141
11.0107	-8.69433	1.61901	-2.37413	9.61433	-9.96417	9.7	-10.05	0.998785	-1.99755
10.9866	-8.77653	1.09512	-2.32917	9.7457	-10.1502	9.75	-10.15	0.998775	-1.99754
11.0565	-8.89691	1.14373	-2.23222	9.77731	-10.3295	9.75	-10.3	0	-2.72851
11.03	-8.98713	0.648768	-2.17193	9.76557	-10.4501	9.75	-10.45	0	-2.72849
11.0674	-9.12806	0.57959	-2.30647	9.89592	-10.7137	9.8	-10.6	0.909012	-2.72704
11.048	-9.24338	0.203598	-2.31005	9.85066	-10.7537	9.85	-10.75	0.909012	-2.72703
11.0663	-9.37308	0.186164	-2.37779	9.84397	-10.9287	9.85	-10.9	0	-3.00318
11.0645	-9.49979	-0.0235824	-2.43425	9.85693	-11.0512	9.85	-11.05	0	-3.00316
11.0574	-9.63077	-0.103169	-2.51554	9.74773	-11.0482	9.85	-11.2	0	-3.00013
11.0627	-9.77914	-0.237832	-2.61708	9.84407	-11.3565	9.85	-11.35	0	-3.00012
11.0581	-9.93044	-0.285955	-2.73658	9.79495	-11.4686	9.85	-11.5	0	-2.99592
11.0642	-10.097	-0.379774	-2.85845	9.83943	-11.6467	9.85	-11.65	0	-2.99592
11.0624	-10.2598	-0.289025	-2.82151	9.76634	-11.6976	9.8	-11.75	-0.908731	-1.81746
11.033	-10.4164	-0.478622	-2.87292	9.74774	-11.8511	9.75	-11.85	-0.908731	-1.81746
11.0321	-10.5958	-0.411046	-2.92569	9.7856	-12.1262	9.7	-12	-0.909591	-2.72875
10.9823	-10.745	-0.638811	-2.93479	9.64482	-12.1455	9.65	-12.15	-0.909582	-2.72873
10.9563	-10.9145	-0.617533	-2.95084	9.57233	-12.2948	9.6	-12.3	-0.908879	-2.72667
10.9044	-11.0726	-0.817172	-2.98015	9.55167	-12.4583	9.55	-12.45	-0.908879	-2.72665
10.8652	-11.2282	-0.748459	-2.89607	9.37132	-12.4833	9.45	-12.55	-1.82006	-1.82006
10.7765	-11.3525	-1.02123	-2.83305	9.359	-12.6499	9.35	-12.65	-1.82005	-1.82005
10.7305	-11.479	-0.920614	-2.70042	9.16109	-12.6848	9.2	-12.75	-3.00047	-2.00033
10.6053	-11.5432	-1.2643	-2.51547	9.028	-12.8337	9.05	-12.85	-3.00048	-2.00033
10.5314	-11.6604	-1.20322	-2.37766	8.85918	-12.7953	8.95	-12.9	-1.81543	-0.907707
10.3912	-11.7261	-1.55035	-2.22221	8.84257	-12.9684	8.85	-12.95	-1.81542	-0.907708
10.3047	-11.8375	-1.51914	-2.15107	8.66865	-13.0114	8.7	-13.05	-2.73134	-1.82089
10.1515	-11.8927	-1.86075	-2.00018	8.55319	-13.1445	8.55	-13.15	-2.73135	-1.82089
10.0562	-11.9621	-1.74296	-1.80116	8.27267	-12.996	8.4	-13.15	-2.99683	0
9.88947	-11.9723	-2.08479	-1.58325	8.25965	-13.1488	8.25	-13.15	-2.9968	0
9.76343	-12.0401	-2.092	-1.49788	8.04571	-13.0646	8.1	-13.2	-2.72707	-0.909028
9.58321	-12.0601	-2.42041	-1.34343	7.95841	-13.2508	7.95	-13.25	-2.72705	-0.90902
9.46907	-12.144	-2.32199	-1.32648	7.86599	-13.4154	7.8	-13.25	-2.7295	0
9.26615	-12.1385	-2.67294	-1.12245	7.62489	-13.249	7.65	-13.25	-2.7295	0
9.1389	-12.1932	-2.61857	-1.08216	7.50783	-13.2944	7.5	-13.25	-2.99994	0
8.9475	-12.1812	-2.90465	-0.897488	7.3419	-13.2474	7.35	-13.25	-2.99994	0
8.79496	-12.2226	-2.81223	-0.814116	7.19781	-13.1973	7.2	-13.2	-2.72698	0.908995
8.57929	-12.1993	-3.10883	-0.633741	7.04935	-13.1606	7.05	-13.15	-2.72695	0.908987
8.40256	-12.2176	-3.09155	-0.554454	6.79473	-13.0433	6.85	-13.15	-3.63709	0
8.18531	-12.1962	-3.35616	-0.418106	6.65123	-13.1604	6.65	-13.15	-3.63709	0
8.03158	-12.2247	-3.27073	-0.401616	6.54114	-13.2079	6.5	-13.1	-3.0006	1.00018
7.82092	-12.1865	-3.50448	-0.232288	6.35317	-13.0396	6.35	-13.05	-3.0006	1.00019
7.62802	-12.2133	-3.56846	-0.303708	6.27012	-13.1139	6.25	-13.05	-1.81729	0
7.42209	-12.2275	-3.71099	-0.303452	6.14459	-13.0471	6.15	-13.05	-1.81729	0
7.22927	-12.246	-3.62221	-0.268966	5.99498	-12.9442	6	-12.95	-2.72861	1.81906
7.00279	-12.2267	-3.79083	-0.174478	5.86379	-12.8408	5.85	-12.85	-2.72861	1.81907
6.82124	-12.241	-3.74137	-0.170045	5.73761	-12.8672	5.7	-12.8	-2.99988	0.999964
6.60976	-12.2154	-3.8801	-0.0665703	5.55118	-12.7486	5.55	-12.75	-2.99985	0.999954
6.41817	-12.2228	-3.87505	-0.0737306	5.45236	-12.7392	5.45	-12.7	-2.00001	1
6.21243	-12.2112	-3.96649	-0.0245571	5.35556	-12.6423	5.35	-12.65	-1.99998	0.999994
6.02073	-12.2107	-3.89095	0.0105297	5.26451	-12.5511	5.25	-12.55	-1.99732	1.99733
5.805	-12.1746	-3.98733	0.118092	5.13769	-12.4355	5.15	-12.45	-1.9973	1.9973
5.60101	-12.1856	-3.90405	0.0896915	5.1317	-12.5744	5.05	-12.35	-1.8206	1.82059
5.36325	-12.1362	-3.99285	0.219659	4.94432	-12.2438	4.95	-12.25	-1.82058	1.82058
5.17675	-12.117	-3.83094	0.295962	4.89215	-12.1623	4.85	-12.1	-1.9998	2.99969
4.95061	-12.0261	-3.92271	0.516755	4.75047	-11.9578	4.75	-11.95	-1.9998	2.9997
4.74785	-11.9755	-3.90407	0.601551	4.6421	-11.7788	4.7	-11.85	-1.00002	2.00003
4.53269	-11.8964	-3.94091	0.739765	4.63967	-11.7513	4.65	-11.75	-1.00001	2.00002
4.34384	-11.8483	-3.81305	0.806492	4.58347	-11.632	4.6	-11.6	-0.998955	2.99688
4.13158	-11.7477	-3.82738	0.970974	4.56619	-11.4576	4.55	-11.45	-0.99896	2.99689
3.94241	-11.6726	-3.71968	1.07642	4.46846	-11.2092	4.5	-11.3	-1.00106	3.00319
3.73407	-11.5474	-3.71489	1.26426	4.46017	-11.1425	4.45	-11.15	-1.00106	3.00319
3.52339	-11.4741	-3.76749	1.25575	4.43672	-11.0976	4.45	-11.05	0	1.8168
3.31344	-11.3778	-3.67206	1.30715	4.43803	-10.9525	4.45	-10.95	0	1.81679
3.13248	-11.3001	-3.61031	1.34614	4.40556	-10.7068	4.45	-10.8	0	3.00139
2.94725	-11.1932	-3.5037	1.41469	4.45507	-10.6618	4.45	-10.65	0	3.00138
2.76642	-11.1264	-3.57233	1.37419	4.44716	-10.5583	4.45	-10.55	0	2.00041
2.58794	-11.0246	-3.42818	1.40677	4.45187	-10.4417	4.45	-10.45	0	2.00038
2.41827	-10.9535	-3.40388	1.39249	4.45602	-10.2142	4.5	-10.3	0.999584	2.99875
2.24499	-10.8245	-3.22909	1.47884	4.55349	-10.1343	4.55	-10.15	0.999574	2.99871
2.07793	-10.759	-3.14745	1.41699	4.56608	-10.005	4.55	-10	0	2.72717
1.90301	-10.595	-2.90018	1.55401	4.55922	-9.84124	4.55	-9.85	0	2.72714
1.74545	-10.5286	-2.91084	1.45511	4.62339	-9.6559	4.65	-9.7	1.8193	2.72895
1.58996	-10.354	-2.58797	1.56297	4.7439	-9.53522	4.75	-9.55	1.81929	2.72894
1.47495	-10.2994	-2.47835	1.45404	4.74852	-9.27389	4.8	-9.4	1.00006	3.00019
1.35619	-10.114	-2.15017	1.55838	4.8446	-9.24095	4.85	-9.25	1.00005	3.00015
1.24378	-10.1016	-2.29549	1.25975	4.98605	-9.20516	4.95	-9.15	2.00004	2.00005
1.15025	-9.94471	-1.86285	1.2351	5.02283	-9.03066	5.05	-9.05	2.00004	2.00004
1.09089	-9.95881	-1.65224	0.947383	5.12819	-8.95913	5.1	-8.9	0.999704	2.99911
1.03093	-9.76365	-1.15598	1.01412	5.14109	-8.73073	5.15	-8.75	0.999689	2.99907
0.991571	-9.83309	-1.10149	0.45738	5.33883	-8.81618	5.25	-8.65	1.81848	1.81849
1.03053	-9.72583	-0.140327	0.130166	5.36408	-8.56805	5.35	-8.55	1.81846	1.81846
1.06948	-9.64114	0.281393	0.744114	5.38848	-8.31037	5.45	-8.4	2.00068	3.00103
1.47003	-9.52443	2.67916	0.524809	5.53874	-8.25196	5.55	-8.25	2.00066	3.00099
1.60173	-9.497	2.66274	0.588685	5.56632	-8.04704	5.65	-8.15	1.99952	1.99953
1.73963	-9.20536	3.13311	1.48539	5.7459	-8.05196	5.75	-8.05	1.9995	1.9995
1.89987	-9.15381	3.13354	1.48827	5.78426	-7.91676	5.8	-7.95	0.999944	1.99989
2.05422	-8.93481	3.30728	2.13428	5.84978	-7.88144	5.85	-7.85	0.999939	1.99988
2.23822	-8.85342	3.4546	2.14357	5.92249	-7.69769	5.95	-7.75	1.99772	1.99772
2.4117	-8.65489	3.61804	2.6571	6.04031	-7.64732	6.05	-7.65	1.99771	1.9977
2.64009	-8.55547	3.83767	2.61285	6.16773	-7.55437	6.15	-7.55	1.8199	1.8199
2.87048	-8.40553	4.09702	2.87799	6.23866	-7.45306	6.25	-7.45	1.8199	1.81991
3.10876	-8.29331	4.35662	2.89422	6.25322	-7.17734	6.4	-7.35	2.99605	1.99736
3.36747	-8.21914	4.6434	2.91427	6.55461	-7.24907	6.55	-7.25	2.99605	1.99736
3.66653	-8.1271	4.90882	2.82133	6.67172	-7.23041	6.65	-7.2	1.8206	0.910303
4.00567	-8.09474	5.29785	2.69659	6.74664	-7.15616	6.75	-7.15	1.8206	0.910298
4.30024	-8.02124	5.39851	2.55575	6.79888	-6.99594	6.85	-7.05	1.99848	1.99848
4.6281	-7.98222	5.68444	2.48615	6.95342	-6.96092	6.95	-6.95	1.99846	1.99846
4.97601	-7.90569	5.80549	2.35017	7.17955	-6.9446	7.1	-6.85	2.72688	1.81792
5.333	-7.81838	6.0122	2.3997	7.24929	-6.7261	7.25	-6.75	2.72688	1.81792
5.6854	-7.73864	6.01266	2.21617	7.42782	-6.72337	7.35	-6.65	1.81821	1.81821
6.02232	-7.61241	6.08727	2.35877	7.46332	-6.54842	7.45	-6.55	1.81821	1.81821
6.36135	-7.50424	6.03653	2.25015	7.54452	-6.5069	7.55	-6.5	1.81726	0.908632
6.67929	-7.35518	6.0236	2.41105	7.65373	-6.46481	7.65	-6.45	1.81726	0.908632
7.01467	-7.23833	5.99346	2.33032	7.8635	-6.45394	7.8	-6.4	2.72951	0.909839
7.31181	-7.07131	5.91056	2.49791	7.94162	-6.34466	7.95	-6.35	2.72948	0.909826
7.57809	-6.94206	5.72329	2.38544	7.89525	-6.11857	8.05	-6.25	2.00047	2.00048
7.79341	-6.75485	5.50755	2.59205	8.12355	-6.14389	8.15	-6.15	2.00048	2.00048
8.07946	-6.61425	5.38803	2.49201	8.31423	-6.05705	8.3	-6.05	2.72702	1.81801
8.30158	-6.41361	5.16599	2.67779	8.45315	-5.97158	8.45	-5.95	2.727	1.818
8.53668	-6.27865	5.0308	2.57766	8.53167	-5.90349	8.55	-5.9	2.00127	1.00064
8.69893	-6.08268	4.76076	2.74752	8.64207	-5.83392	8.65	-5.85	2.00128	1.00064
8.92674	-5.94783	4.69257	2.67383	8.88764	-5.82241	8.8	-5.75	2.99963	1.99976
9.07914	-5.75811	4.44586	2.80643	8.94256	-5.64534	8.95	-5.65	2.99961	1.99974
9.29626	-5.63051	4.37044	2.65746	9.21669	-5.64514	9.05	-5.55	1.99699	1.997
9.41393	-5.43532	4.06999	2.79127	9.15342	-5.45253	9.15	-5.45	1.997	1.99701
9.59986	-5.27552	3.90133	2.68645	9.16723	-5.29709	9.25	-5.35	1.8166	1.81659
9.70037	-5.06463	3.56626	2.80768	9.34852	-5.23619	9.35	-5.25	1.8166	1.81659
9.86071	-4.90526	3.42069	2.72137	9.39027	-5.1041	9.45	-5.15	1.8222	1.82219
9.94165	-4.70323	3.1129	2.80341	9.54207	-5.04728	9.55	-5.05	1.82219	1.82219
10.0771	-4.55661	3.0449	2.78556	9.62802	-5.02338	9.65	-5	1.99604	0.998028
10.1597	-4.38671	2.85228	2.80592	9.75	-4.94288	9.75	-4.95	1.99605	0.998028
10.3048	-4.2382	2.79277	2.70539	9.88102	-4.86216	9.85	-4.85	1.81895	1.81894
10.3869	-4.06288	2.59815	2.69568	9.94502	-4.76247	9.95	-4.75	1.81894	1.81894
10.5159	-3.92137	2.53241	2.58561	10.0747	-4.62454	10.05	-4.6	1.81966	2.72951
10.5723	-3.75085	2.31065	2.57912	10.1384	-4.4533	10.15	-4.45	1.81965	2.72948
10.6766	-3.60768	2.23455	2.52457	10.1743	-4.32841	10.25	-4.35	1.81908	1.81907
10.7442	-3.45386	2.0982	2.47873	10.3492	-4.25956	10.35	-4.25	1.81908	1.81907
10.8519	-3.3379	2.09883	2.40464	10.56	-4.15868	10.45	-4.1	2.00061	3.0009
10.9063	-3.20475	1.98015	2.36903	10.5557	-3.96034	10.55	-3.95	2.0006	3.0009
11.0105	-3.08751	2.00393	2.36846	10.7738	-3.89129	10.65	-3.85	1.99963	1.99964
11.068	-2.96009	1.91032	2.32193	10.7394	-3.74821	10.75	-3.75	1.99962	1.99962
11.1502	-2.86026	1.83829	2.11752	10.7674	-3.58281	10.8	-3.6	0.999844	2.99952
11.1795	-2.74019	1.68608	2.08849	10.8596	-3.4348	10.85	-3.45	0.999834	2.99949
11.2559	-2.63112	1.67695	2.11746	10.9601	-3.36033	10.95	-3.35	2.00065	2.00064
11.3094	-2.52155	1.62241	2.06347	11.0504	-3.25128	11.05	-3.25	2.00064	2.00064
11.3758	-2.43266	1.55487	1.88301	11.0282	-3.07488	11.1	-3.1	0.998546	2.99563
11.4049	-2.32994	1.44385	1.84655	11.1569	-2.944	11.15	-2.95	0.998526	2.9956
11.4614	-2.25371	1.32501	1.55006	11.1386	-2.78926	11.15	-2.8	0	2.73104
11.4367	-2.14913	1.07668	1.53898	11.141	-2.65084	11.15	-2.65	0	2.73102
11.4633	-2.08249	0.937661	1.31119	11.1042	-2.54354	11.15	-2.55	0	1.81785
11.4227	-1.99293	0.711513	1.29777	11.1497	-2.45904	11.15	-2.45	0	1.81785
11.4381	-1.90485	0.699215	1.47398	11.1658	-2.25651	11.25	-2.25	1.99733	3.99465
11.4522	-1.82868	0.659656	1.45423	11.3591	-2.05184	11.35	-2.05	1.99733	3.99465
11.4787	-1.76228	0.616953	1.3221	11.3117	-1.92025	11.35	-1.95	0	1.81854
11.4683	-1.6821	0.506055	1.31162	11.3504	-1.8663	11.35	-1.85	0	1.81853
11.488	-1.6211	0.461894	1.20168	11.4185	-1.70062	11.35	-1.7	0	2.72762
11.4546	-1.54194	0.297098	1.22957	11.3568	-1.53205	11.35	-1.55	0	2.72762
11.4444	-1.50712	0.159267	0.915372	11.2541	-1.38373	11.3	-1.4	-0.908846	2.72653
11.359	-1.43315	-0.120806	0.989746	11.2429	-1.24238	11.25	-1.25	-0.908846	2.72653
11.3004	-1.41932	-0.396752	0.587635	11.0754	-1.08747	11.15	-1.1	-1.82014	2.73021
11.157	-1.34752	-0.781794	0.748522	11.0544	-0.927069	11.05	-0.949999	-1.82013	2.73021
11.0727	-1.31933	-1.00165	0.621064	10.9247	-0.791254	11	-0.799999	-1.00036	3.00107
10.9326	-1.23807	-1.34077	0.86582	10.9434	-0.640459	10.95	-0.65	-1.00035	3.00104
10.8411	-1.22337	-1.48768	0.652474	10.7146	-0.485949	10.85	-0.5	-2.00003	3.00006
10.6839	-1.13819	-1.84178	0.905006	10.7471	-0.362528	10.75	-0.35	-2.00002	3.00003
10.5761	-1.07746	-1.88437	0.966973	10.6895	-0.304531	10.65	-0.3	-1.81779	0.908892
10.428	-0.98185	-2.12607	1.20162	10.547	-0.266677	10.55	-0.25	-1.81778	0.908893
10.3361	-0.950262	-2.12828	1.03583	10.5032	-0.154501	10.4	-0.15	-3.00061	2.00041
10.1762	-0.866738	-2.38744	1.21153	10.2485	-0.0475524	10.25	-0.0499992	-3.0006	2.00041
10.0545	-0.782175	-2.39258	1.38701	10.1407	-0.0721585	10.15	-0.0499992	-1.99645	0
9.92231	-0.693795	-2.51339	1.52368	10.0313	-0.0518611	10.05	-0.0499992	-1.99644	0
9.80767	-0.613486	-2.4666	1.52603	10.0898	-0.00166396	9.9	9.49949e-07	-2.73175	0.910584
9.66738	-0.51816	-2.54125	1.62787	9.74695	0.0464954	9.75	0.0500011	-2.73174	0.910584
9.53066	-0.446234	-2.59403	1.53773	9.50401	0.0833188	9.6	0.100001	-2.99544	0.998471
9.39673	-0.360578	-2.6594	1.61573	9.45825	0.149456	9.45	0.15	-2.99545	0.998471
9.24121	-0.245269	-2.6782	1.82712	9.22819	0.16178	9.35	0.15	-1.81963	0
9.1368	-0.145055	-2.58979	1.8701	9.24456	0.139817	9.25	0.15	-1.81962	0
9.01564	-0.0614595	-2.57707	1.79464	9.0729	0.205961	9.1	0.2	-3.00059	1.0002
8.90768	0.0294187	-2.54054	1.82514	8.96281	0.250937	8.95	0.25	-3.0006	1.0002
8.78724	0.110423	-2.53217	1.73734	8.84168	0.257617	8.8	0.25	-2.99995	0
8.6578	0.198124	-2.54488	1.74345	8.65606	0.24536	8.65	0.25	-2.99994	0
8.52242	0.27638	-2.57112	1.65807	8.43549	0.247188	8.5	0.25	-2.99323	0
8.3771	0.358838	-2.60551	1.64283	8.34184	0.250769	8.35	0.25	-2.9932	0
8.24091	0.445719	-2.57886	1.6192	8.27073	0.243988	8.2	0.25	-2.73233	0
8.08111	0.530643	-2.59776	1.57508	8.03847	0.260731	8.05	0.25	-2.73234	0
7.96282	0.595935	-2.55081	1.47048	7.98053	0.204587	7.9	0.2	-3.00234	-1.00078
7.80327	0.661365	-2.5755	1.39162	7.73327	0.149199	7.75	0.15	-3.00231	-1.00077
7.66417	0.706568	-2.5838	1.18922	7.46173	0.143776	7.6	0.15	-2.99599	0
7.51131	0.754265	-2.56479	1.0906	7.45455	0.149294	7.45	0.15	-2.99596	0
7.38672	0.832503	-2.43306	1.25615	7.37986	0.0951006	7.35	0.100001	-1.81801	-0.908998
7.27181	0.875748	-2.24179	1.07977	7.26713	0.055036	7.25	0.0500011	-1.81801	-0.908998
7.2028	0.896839	-2.02445	0.840307	7.32548	-0.0461763	7.1	-0.0499995	-2.72495	-1.81664
7.04413	0.910083	-1.96463	0.605823	6.93127	-0.133333	6.95	-0.15	-2.72492	-1.81662
7.02932	0.96065	-1.43281	0.82359	7.09668	-0.264116	6.9	-0.25	-0.910634	-1.82126
6.96115	0.927614	-1.09458	0.380955	6.84796	-0.34284	6.85	-0.35	-0.910622	-1.82124
6.88885	0.799604	-1.32405	-0.541346	6.64638	-0.45061	6.7	-0.45	-2.99641	-1.99759
6.8092	0.654568	-1.00121	-1.11342	6.54772	-0.536719	6.55	-0.549999	-2.99637	-1.99757
6.74185	0.552701	-1.05218	-1.32244	6.50462	-0.718	6.5	-0.7	-0.909955	-2.72986
6.56051	0.389628	-1.43614	-1.86798	6.45451	-0.851695	6.45	-0.85	-0.909955	-2.72986
6.45122	0.23445	-1.6	-2.21601	6.42547	-0.999512	6.4	-1	-0.999224	-2.99766
6.30935	0.0802309	-1.92131	-2.50041	6.3554	-1.1624	6.35	-1.15	-0.99921	-2.99763
6.15793	-0.111756	-2.12165	-2.85135	6.14523	-1.27904	6.3	-1.3	-0.908722	-2.72618
6.06509	-0.288639	-2.18496	-3.06152	6.2299	-1.45381	6.25	-1.45	-0.908718	-2.72616
5.92338	-0.551804	-2.31727	-3.81267	6.37158	-1.60661	6.3	-1.6	0.910485	-2.73144
5.97535	-0.775892	-1.88141	-4.04461	6.34473	-1.75136	6.35	-1.75	0.910481	-2.73144
5.88625	-1.02348	-1.95495	-4.43099	6.34	-1.88987	6.35	-1.9	0	-2.99515
6.00543	-1.27872	-1.3922	-4.71405	6.35828	-2.03886	6.35	-2.05	0	-2.99515
5.96986	-1.56686	-1.3381	-4.95941	6.45002	-2.23466	6.35	-2.2	0	-2.72856
6.08248	-1.88576	-0.856267	-5.22569	6.34057	-2.34076	6.35	-2.35	0	-2.72854
6.07378	-2.20123	-0.801055	-5.43378	6.4979	-2.56206	6.4	-2.5	0.908227	-2.7247
6.18383	-2.55231	-0.388635	-5.66407	6.45265	-2.65056	6.45	-2.65	0.908223	-2.72467
6.20754	-2.86429	-0.210588	-5.58931	6.46538	-2.81029	6.45	-2.8	0	-2.72732
6.24543	-3.19128	-0.0522886	-5.65383	6.45762	-2.94003	6.45	-2.95	0	-2.7273
6.24396	-3.49612	-0.0141585	-5.60304	6.36717	-3.08903	6.5	-3.15	0.909078	-3.6363
6.26011	-3.80902	0.0824822	-5.60034	6.54349	-3.33906	6.55	-3.35	0.90907	-3.63626
6.28939	-4.11297	0.2292	-5.51211	6.6454	-3.53435	6.6	-3.5	0.910038	-2.7301
6.27496	-4.3923	0.241305	-5.40708	6.65608	-3.67065	6.65	-3.65	0.910033	-2.7301
6.30387	-4.67501	0.399517	-5.25677	6.70981	-3.81998	6.7	-3.8	0.908095	-2.7243
6.25731	-4.90707	0.332783	-5.04294	6.74422	-3.95901	6.75	-3.95	0.908091	-2.72428
6.28117	-5.15619	0.492559	-4.83503	6.72525	-4.05329	6.8	-4.1	0.910949	-2.73284
6.22652	-5.34698	0.41559	-4.57596	6.83817	-4.25449	6.85	-4.25	0.910945	-2.73284
6.26105	-5.54764	0.628181	-4.34576	6.86491	-4.32753	6.9	-4.35	0.999834	-1.99968
6.20811	-5.6828	0.558152	-4.08489	6.94879	-4.45387	6.95	-4.45	0.999829	-1.99966
6.23292	-5.8778	0.604004	-4.05644	6.99339	-4.57763	7.05	-4.6	1.99653	-2.99479
6.2253	-6.03091	0.682236	-3.90352	7.14339	-4.76622	7.15	-4.75	1.99653	-2.99479
6.27697	-6.20513	0.884967	-3.7373	7.11889	-4.79341	7.2	-4.85	1.00098	-2.00196
6.2667	-6.32204	0.94417	-3.53029	7.25883	-4.94719	7.25	-4.95	1.00097	-2.00194
6.33669	-6.49625	1.13622	-3.37383	7.28536	-5.09276	7.3	-5.1	0.90969	-2.72906
6.35203	-6.60801	1.25959	-3.15774	7.33925	-5.24908	7.35	-5.25	0.909677	-2.72904
6.40979	-6.76638	1.28071	-3.23991	7.33914	-5.30864	7.45	-5.4	1.99976	-2.99964
6.48526	-6.8918	1.61194	-3.16361	7.5499	-5.55354	7.55	-5.55	1.99976	-2.99964
6.61411	-7.0167	1.94668	-2.87487	7.59167	-5.64447	7.6	-5.65	1.00038	-2.00076
6.69811	-7.09262	2.23741	-2.72207	7.64483	-5.73357	7.65	-5.75	1.00037	-2.00074
6.80335	-7.19123	2.23376	-2.42317	7.6402	-5.81769	7.75	-5.9	1.81659	-2.7249
7.03267	-7.23683	2.99891	-2.08253	7.84396	-6.051	7.85	-6.05	1.81659	-2.7249
7.08161	-7.34232	2.4793	-2.0217	7.91394	-6.15143	7.9	-6.15	0.909251	-1.81851
7.17657	-7.30526	2.4958	-1.3423	7.95018	-6.25957	7.95	-6.25	0.909247	-1.81849
7.30605	-7.3628	2.44418	-1.25516	8.10134	-6.38026	8.05	-6.35	1.81576	-1.81577
7.40543	-7.31423	2.35006	-0.68034	8.15891	-6.45832	8.15	-6.45	1.81577	-1.81577
7.54864	-7.31983	2.45835	-0.490477	8.3424	-6.65648	8.25	-6.6	1.8218	-2.73269
7.68566	-7.32095	2.45986	-0.269601	8.33273	-6.74641	8.35	-6.75	1.8218	-2.73269
7.83885	-7.33668	2.55047	-0.214216	8.46635	-6.96022	8.4	-6.9	0.907987	-2.72401
8.00486	-7.36487	2.63717	-0.177071	8.44383	-7.03914	8.45	-7.05	0.907988	-2.72398
8.16965	-7.379	2.74158	-0.135089	8.53661	-7.23635	8.5	-7.2	0.910054	-2.73014
8.36107	-7.42562	2.87128	-0.214729	8.55761	-7.36836	8.55	-7.35	0.910046	-2.73012
8.52384	-7.44203	2.9701	-0.182379	8.70486	-7.48959	8.65	-7.45	1.99827	-1.99828
8.70739	-7.48597	3.07726	-0.275047	8.7565	-7.55536	8.75	-7.55	1.99828	-1.99828
8.87877	-7.50189	3.09027	-0.274262	8.74707	-7.66927	8.8	-7.7	0.909061	-2.72717
9.0704	-7.54266	3.15442	-0.386019	8.85031	-7.85391	8.85	-7.85	0.909053	-2.72715
9.24288	-7.56866	3.13881	-0.42374	8.88546	-7.96913	8.9	-8	0.908945	-2.72688
9.42373	-7.60951	3.16446	-0.55872	8.95085	-8.16397	8.95	-8.15	0.908953	-2.72687
9.59332	-7.64613	3.12909	-0.616889	9.03618	-8.239	9.05	-8.25	1.82026	-1.82027
9.75754	-7.68627	3.11315	-0.748219	9.15149	-8.34807	9.15	-8.35	1.82025	-1.82026
9.90711	-7.71727	3.11223	-0.736838	9.14011	-8.44049	9.2	-8.5	0.999884	-2.99963
10.0501	-7.76092	3.0996	-0.907606	9.22902	-8.65053	9.25	-8.65	0.999874	-2.9996
10.1943	-7.80783	3.04785	-0.962908	9.23666	-8.722	9.3	-8.8	0.999284	-2.99783
10.3376	-7.87247	3.05411	-1.19931	9.36398	-8.95164	9.35	-8.95	0.999284	-2.99784
10.4861	-7.97292	2.83412	-1.46212	9.47823	-9.13791	9.4	-9.05	0.909209	-1.81844
10.5899	-8.04661	2.72362	-1.71247	9.43696	-9.1575	9.45	-9.15	0.90921	-1.81843
10.6799	-8.12178	2.35154	-1.70586	9.44585	-9.27158	9.5	-9.3	0.908483	-2.72543
10.7595	-8.32725	2.20643	-2.5299	9.53884	-9.45193	9.55	-9.45	0.908475	-2.72542
10.8679	-8.42622	2.14346	-2.34484	9.6872	-9.68187	9.6	-9.6	0.909756	-2.72927
10.8399	-8.52079	1.45009	-2.42738	9.67284	-9.75791	9.65	-9.75	0.909739	-2.72923
10.9119	-8.65045	1.4092	-2.4576	9.86489	-10.0711	9.7	-9.9	0.998626	-2.99586
10.8904	-8.74158	0.931413	-2.40433	9.74713	-10.0467	9.75	-10.05	0.998616	-2.99584
10.9461	-8.86851	0.95461	-2.34212	9.75497	-10.1932	9.75	-10.2	0	-2.72857
10.9287	-8.97159	0.543843	-2.29973	9.74697	-10.3629	9.75	-10.35	0	-2.72854
10.9494	-9.10783	0.454316	-2.38537	9.77249	-10.4428	9.8	-10.5	0.909773	-2.7293
10.9474	-9.23968	0.179461	-2.42692	9.86261	-10.6462	9.85	-10.65	0.909773	-2.7293
10.9704	-9.38699	0.192711	-2.478	9.86786	-10.8223	9.85	-10.8	0	-2.72846
10.9674	-9.52952	-0.022154	-2.54213	9.8455	-10.9408	9.85	-10.95	0	-2.72844
10.977	-9.68621	-0.0310878	-2.62099	9.84594	-11.0973	9.85	-11.1	0	-2.72748
10.9725	-9.84324	-0.205452	-2.70298	9.83549	-11.2481	9.85	-11.25	0	-2.72745
10.98	-10.004	-0.208309	-2.81998	9.8926	-11.4631	9.85	-11.4	0	-2.9967
10.9897	-10.1736	-0.292584	-2.93153	9.87136	-11.5692	9.85	-11.55	0	-2.99671
10.9996	-10.3547	-0.217324	-2.97398	9.89882	-11.7746	9.8	-11.7	-0.909227	-2.72768
10.973	-10.5178	-0.40363	-3.01446	9.74749	-11.8623	9.75	-11.85	-0.909218	-2.72765
10.967	-10.6937	-0.34576	-3.01903	9.75738	-12.0161	9.7	-12	-0.908714	-2.72613
10.922	-10.8481	-0.560528	-3.02412	9.65408	-12.1513	9.65	-12.15	-0.908706	-2.7261
10.9024	-11.0139	-0.488487	-2.97243	9.60373	-12.2428	9.6	-12.25	-0.909639	-1.81931
10.8262	-11.1412	-0.757206	-2.9027	9.54006	-12.3354	9.55	-12.35	-0.90964	-1.8193
10.7859	-11.2843	-0.681258	-2.7766	9.38815	-12.3607	9.45	-12.45	-1.81824	-1.81825
10.6851	-11.3854	-0.986956	-2.65934	9.35049	-12.5377	9.35	-12.55	-1.81823	-1.81823
10.656	-11.5388	-0.84528	-2.60276	9.33568	-12.8372	9.2	-12.65	-2.72578	-1.81718
10.5178	-11.5999	-1.23493	-2.3964	9.04708	-12.7528	9.05	-12.75	-2.72576	-1.81717
10.449	-11.7213	-1.20177	-2.32475	8.97697	-12.8161	8.95	-12.85	-1.8192	-1.81921
10.3106	-11.7845	-1.54058	-2.1669	8.84904	-12.9423	8.85	-12.95	-1.81921	-1.81921
10.2204	-11.8893	-1.52381	-2.08812	8.64934	-12.9537	8.7	-13.05	-2.72781	-1.81854
10.0753	-11.9494	-1.8381	-1.95827	8.5479	-13.1496	8.55	-13.15	-2.7278	-1.81853
9.99456	-12.0535	-1.67366	-1.84934	8.43462	-13.263	8.4	-13.15	-2.72644	0
9.81409	-12.0661	-2.05296	-1.61685	8.26001	-13.1483	8.25	-13.15	-2.72641	0
9.71443	-12.1287	-1.95333	-1.48213	8.10139	-13.1447	8.1	-13.15	-3.00083	0
9.52975	-12.1099	-2.31129	-1.22218	7.95138	-13.1593	7.95	-13.15	-3.00084	0
9.40581	-12.1772	-2.28949	-1.2023	7.85182	-13.2702	7.8	-13.2	-2.72553	-0.908516
9.21532	-12.178	-2.61014	-1.03373	7.64076	-13.2654	7.65	-13.25	-2.72554	-0.908516
9.08568	-12.2314	-2.48905	-0.953146	7.51359	-13.2891	7.5	-13.2	-2.72544	0.908483
8.87216	-12.1986	-2.82902	-0.723344	7.35762	-13.1417	7.35	-13.15	-2.72544	0.908483
8.71837	-12.2361	-2.81056	-0.697516	7.19553	-13.2012	7.2	-13.15	-2.73035	0
8.51163	-12.2178	-3.08566	-0.547416	7.05296	-13.1563	7.05	-13.15	-2.73035	0
8.34947	-12.2517	-3.04277	-0.53432	6.87644	-13.2105	6.85	-13.15	-3.63616	0
8.13551	-12.2292	-3.29985	-0.395502	6.672	-13.1364	6.65	-13.15	-3.63617	0
7.95108	-12.2568	-3.3507	-0.431334	6.53838	-13.1322	6.55	-13.15	-1.81656	0
7.76047	-12.284	-3.4909	-0.449707	6.46904	-13.1587	6.45	-13.15	-1.81657	0
7.57028	-12.3043	-3.46257	-0.415465	6.22921	-13.0167	6.3	-13.1	-2.73109	0.910352
7.36159	-12.3094	-3.61899	-0.370194	6.15723	-13.0319	6.15	-13.05	-2.73109	0.91036
7.16907	-12.318	-3.51378	-0.281471	5.95573	-12.8757	6	-12.95	-2.72331	1.81553
6.94243	-12.2889	-3.69193	-0.15549	5.85711	-12.8423	5.85	-12.85	-2.72331	1.81554
6.74627	-12.3037	-3.65653	-0.158617	5.73901	-12.8863	5.7	-12.8	-2.72842	0.909475
6.52067	-12.2789	-3.80262	-0.0617535	5.5559	-12.7556	5.55	-12.75	-2.72839	0.909466
6.32044	-12.2796	-3.71404	-0.0167312	5.41889	-12.699	5.4	-12.65	-2.731	1.82067
6.08004	-12.2207	-3.87392	0.157544	5.23681	-12.5467	5.25	-12.55	-2.731	1.82066
5.87135	-12.2079	-3.81863	0.193694	5.16911	-12.5003	5.15	-12.45	-1.81821	1.8182
5.63561	-12.1521	-3.93028	0.32645	5.04959	-12.3548	5.05	-12.35	-1.8182	1.8182
5.44614	-12.1375	-3.86721	0.342839	4.99996	-12.3538	4.95	-12.25	-1.99957	1.99957
5.22866	-12.0722	-3.94862	0.48573	4.86969	-12.1416	4.85	-12.15	-1.99954	1.99955
5.02887	-12.0399	-3.94413	0.5136	4.83937	-12.0439	4.8	-12.05	-0.999954	1.99993
4.81729	-11.9818	-3.97934	0.607163	4.77326	-11.9345	4.75	-11.95	-0.999959	1.99992
4.6216	-11.9248	-3.85026	0.726997	4.5839	-11.6711	4.65	-11.8	-2.0002	3.00031
4.40318	-11.8231	-3.89649	0.911891	4.54148	-11.6336	4.55	-11.65	-2.0002	3.0003
4.20306	-11.7693	-3.92294	0.928031	4.53697	-11.5591	4.55	-11.55	0	1.99749
4.00166	-11.7034	-3.89334	0.972921	4.55238	-11.4548	4.55	-11.45	0	1.99746
3.80048	-11.635	-3.71131	1.05746	4.47604	-11.2089	4.5	-11.25	-0.90916	3.63662
3.57497	-11.5011	-3.67825	1.25679	4.45629	-11.0538	4.45	-11.05	-0.909152	3.63659
3.35939	-11.4159	-3.76808	1.27626	4.39651	-10.8822	4.45	-10.95	0	1.81807
3.15295	-11.3246	-3.64798	1.30265	4.45899	-10.8664	4.45	-10.85	0	1.81808
2.95936	-11.2636	-3.60095	1.26633	4.493	-10.7885	4.45	-10.7	0	2.72865
2.75512	-11.1376	-3.45861	1.37687	4.44058	-10.5544	4.45	-10.55	0	2.72864
2.56841	-11.0624	-3.41853	1.36271	4.44399	-10.3941	4.45	-10.4	0	2.72392
2.37369	-10.9134	-3.23879	1.49941	4.44086	-10.2469	4.45	-10.25	0	2.72391
2.20222	-10.8503	-3.20781	1.42009	4.53204	-10.1814	4.5	-10.1	0.909624	2.72885
2.02281	-10.6876	-2.97253	1.55351	4.54793	-9.94716	4.55	-9.95	0.909615	2.72884
1.86165	-10.6112	-2.96139	1.49027	4.57622	-9.70975	4.6	-9.8	0.909111	2.72733
1.70008	-10.433	-2.66645	1.61578	4.64364	-9.63888	4.65	-9.65	0.909107	2.72732
1.55958	-10.3855	-2.67038	1.44049	4.76627	-9.54952	4.75	-9.5	1.81921	2.7288
1.42291	-10.2086	-2.29426	1.51324	4.82761	-9.37054	4.85	-9.35	1.81921	2.7288
1.31165	-10.1726	-2.21683	1.31253	4.89701	-9.18082	4.9	-9.2	0.908739	2.72622
1.20401	-9.96631	-1.76613	1.41909	4.94177	-9.04086	4.95	-9.05	0.908743	2.72623
1.11242	-9.97933	-1.8332	1.01978	5.09012	-9.06486	5.05	-8.95	1.8169	1.81688
1.05526	-9.82315	-1.20457	0.904749	5.1385	-8.8446	5.15	-8.85	1.81688	1.81688
1.02931	-9.85944	-0.974271	0.525163	5.21345	-8.63875	5.25	-8.7	1.8201	2.73014
1.06245	-9.72006	-0.072286	0.260255	5.33853	-8.54729	5.35	-8.55	1.82008	2.73013
1.1078	-9.67738	0.31831	0.57818	5.35874	-8.39385	5.4	-8.45	0.910244	1.82049
1.52881	-9.51822	2.82565	0.646755	5.46213	-8.36055	5.45	-8.35	0.910249	1.8205
1.6542	-9.50601	2.72238	0.671769	5.63723	-8.3352	5.55	-8.2	1.99657	2.99484
1.79096	-9.21337	3.1595	1.55774	5.63863	-8.05978	5.65	-8.05	1.99657	2.99485
1.97531	-9.13343	3.24565	1.61511	5.69655	-7.84304	5.75	-7.95	1.81871	1.81872
2.15266	-8.89472	3.45918	2.30051	5.84353	-7.85177	5.85	-7.85	1.81871	1.81871
2.36843	-8.79698	3.66596	2.31022	5.9537	-7.7033	6	-7.75	2.72961	1.81974
2.58098	-8.61778	3.90869	2.73242	6.14453	-7.66253	6.15	-7.65	2.72961	1.81974
2.80722	-8.5377	4.11705	2.65477	6.27	-7.55894	6.25	-7.55	1.9992	1.9992
3.03366	-8.41803	4.33598	2.84291	6.3386	-7.44193	6.35	-7.45	1.99918	1.99918
3.30538	-8.32277	4.53541	2.74753	6.44365	-7.32743	6.45	-7.35	1.81911	1.81911
3.59751	-8.23924	4.84476	2.77889	6.54947	-7.257	6.55	-7.25	1.81909	1.81909
3.8773	-8.17111	5.02563	2.64359	6.71635	-7.22979	6.65	-7.15	1.99996	1.99996
4.16744	-8.09708	5.26062	2.66709	6.7522	-7.03215	6.75	-7.05	1.99996	1.99996
4.45946	-8.00885	5.39194	2.59527	6.81357	-6.96259	6.85	-7	1.99752	0.998765
4.77893	-7.95116	5.63773	2.55814	6.95051	-6.93564	6.95	-6.95	1.99752	0.998765
5.1075	-7.84519	5.68631	2.47634	7.00414	-6.76319	7.1	-6.85	2.73035	1.82023
5.46764	-7.76633	5.91972	2.47785	7.25571	-6.75585	7.25	-6.75	2.73035	1.82023
5.77285	-7.67216	5.88728	2.35798	7.28718	-6.59248	7.35	-6.65	2.0006	2.0006
6.07498	-7.55547	5.9482	2.46273	7.42947	-6.54884	7.45	-6.55	2.00058	2.00058
6.38302	-7.45763	5.92957	2.35401	7.58756	-6.53752	7.55	-6.5	1.99841	0.999204
6.67153	-7.32374	5.92489	2.47649	7.65263	-6.44325	7.65	-6.45	1.99838	0.999195
6.96871	-7.20686	5.89889	2.43542	7.78988	-6.37954	7.8	-6.4	2.99952	0.999844
7.25241	-7.06872	5.87643	2.53914	7.95705	-6.33998	7.95	-6.35	2.99949	0.999829
7.57391	-6.95295	5.76574	2.3465	8.1289	-6.31809	8.05	-6.25	1.81603	1.81603
7.82108	-6.75555	5.55698	2.56052	8.15184	-6.14215	8.15	-6.15	1.81603	1.81603
8.08791	-6.60523	5.34499	2.45396	8.12981	-5.95044	8.25	-6.05	1.81921	1.81921
8.28063	-6.38516	5.04024	2.68827	8.34844	-5.95288	8.35	-5.95	1.81921	1.81921
8.53022	-6.2234	4.9272	2.67872	8.45627	-5.87026	8.5	-5.9	2.729	0.909673
8.72015	-6.01569	4.68375	2.83107	8.64546	-5.83668	8.65	-5.85	2.72898	0.909661
8.94514	-5.84811	4.54651	2.78958	8.68227	-5.68169	8.8	-5.75	2.72771	1.81848
9.12481	-5.64847	4.3357	2.88934	8.95179	-5.66017	8.95	-5.65	2.72772	1.81848
9.31356	-5.50282	4.19622	2.77575	8.99196	-5.51961	9.05	-5.55	1.99939	1.9994
9.43734	-5.31295	3.94219	2.87537	9.15234	-5.45358	9.15	-5.45	1.9994	1.9994
9.63349	-5.15428	3.8451	2.7913	9.25593	-5.41629	9.25	-5.4	1.81776	0.90888
9.75344	-4.95291	3.57848	2.85894	9.3462	-5.33648	9.35	-5.35	1.81776	0.908875
9.91503	-4.79865	3.41086	2.69369	9.35852	-5.15981	9.45	-5.2	1.81545	2.72317
9.99968	-4.6017	3.11521	2.75345	9.55586	-5.07162	9.55	-5.05	1.81542	2.72314
10.1392	-4.44625	2.99642	2.68218	9.60543	-4.91132	9.65	-4.95	1.82145	1.82147
10.207	-4.25816	2.72666	2.71572	9.75218	-4.8384	9.75	-4.85	1.82146	1.82146
10.3572	-4.1167	2.71396	2.63935	10.0131	-4.84834	9.85	-4.75	1.81961	1.8196
10.4209	-3.94025	2.48318	2.63694	9.9571	-4.66087	9.95	-4.65	1.8196	1.8196
10.5228	-3.80543	2.40956	2.59238	9.99977	-4.51909	10.05	-4.55	1.99827	1.99828
10.5805	-3.65534	2.25068	2.57119	10.1558	-4.43582	10.15	-4.45	1.99826	1.99826
10.6806	-3.51577	2.1633	2.47877	10.1567	-4.25503	10.25	-4.3	1.81693	2.72538
10.7359	-3.36177	2.00266	2.4382	10.3312	-4.16698	10.35	-4.15	1.81692	2.72536
10.8291	-3.22309	1.96046	2.43751	10.3715	-4.04505	10.45	-4.05	1.81951	1.8195
10.9015	-3.08327	1.88755	2.36577	10.5551	-3.94162	10.55	-3.95	1.8195	1.81951
11.0005	-2.95393	1.87887	2.34433	10.6459	-3.84961	10.65	-3.85	1.81817	1.81818
11.075	-2.82266	1.82984	2.25793	10.746	-3.7455	10.75	-3.75	1.81816	1.81817
11.1827	-2.70492	1.85177	2.20725	10.9384	-3.6422	10.85	-3.6	1.81621	2.7243
11.2488	-2.57965	1.78477	2.12823	10.9457	-3.45027	10.95	-3.45	1.8162	2.7243
11.3492	-2.48239	1.76672	1.93622	11.1095	-3.32648	11	-3.3	0.908632	2.72588
11.3725	-2.36286	1.59382	1.88219	11.0435	-3.16012	11.05	-3.15	0.908632	2.72588
11.4278	-2.26791	1.48075	1.73636	10.9851	-2.95299	11.1	-3	0.909905	2.72971
11.4402	-2.16144	1.3237	1.68759	11.1542	-2.85724	11.15	-2.85	0.909888	2.72968
11.4756	-2.09169	1.1691	1.40085	11.0233	-2.67356	11.15	-2.7	0	2.72847
11.4368	-1.9958	0.914845	1.3791	11.1324	-2.55807	11.15	-2.55	0	2.72844
11.4699	-1.94429	0.815612	1.12567	11.2541	-2.42353	11.15	-2.4	0	2.72732
11.417	-1.86391	0.575683	1.11962	11.1569	-2.2658	11.15	-2.25	0	2.72732
11.435	-1.77493	0.597919	1.33409	11.2203	-2.08998	11.25	-2.1	1.81905	2.72856
11.4464	-1.7005	0.562683	1.30239	11.3482	-1.94557	11.35	-1.95	1.81905	2.72856
11.4865	-1.67574	0.547103	0.940126	11.3928	-1.80815	11.3	-1.8	-0.90916	2.72747
11.4165	-1.60268	0.270761	0.969376	11.2389	-1.64141	11.25	-1.65	-0.909152	2.72745
11.4121	-1.56189	0.17192	0.835195	11.3341	-1.51762	11.25	-1.5	0	2.72321
11.3492	-1.4945	-0.0432834	0.909624	11.2625	-1.34833	11.25	-1.35	0	2.72321
11.3359	-1.48325	-0.156	0.605569	11.3121	-1.19064	11.2	-1.2	-0.909524	2.72856
11.2293	-1.41492	-0.473416	0.744735	11.1556	-1.0549	11.15	-1.05	-0.909524	2.72856
11.1482	-1.42525	-0.823778	0.304799	10.9982	-0.893223	11.05	-0.9	-1.81945	2.72916
10.9786	-1.34703	-1.26145	0.577049	10.9445	-0.73319	10.95	-0.75	-1.81942	2.72913
10.8837	-1.29657	-1.3507	0.665737	10.8362	-0.586	10.9	-0.599999	-0.909839	2.72952
10.725	-1.17075	-1.72366	1.09738	10.8388	-0.441032	10.85	-0.449999	-0.909822	2.72949
10.6497	-1.17472	-1.73002	0.792752	10.6309	-0.359954	10.7	-0.349999	-2.99538	1.99692
10.4959	-1.09612	-2.02987	0.986815	10.5529	-0.247121	10.55	-0.25	-2.99539	1.99691
10.3792	-1.01788	-2.03735	1.15203	10.4322	-0.19515	10.45	-0.2	-1.81715	0.908579
10.2286	-0.91493	-2.26589	1.39239	10.3505	-0.143257	10.35	-0.15	-1.81716	0.908579
10.106	-0.845432	-2.28856	1.34826	10.2068	-0.109014	10.2	-0.0999996	-2.73194	0.910655
9.96004	-0.752063	-2.42956	1.49129	10.0541	-0.0441275	10.05	-0.0499992	-2.73194	0.910655
9.82309	-0.669753	-2.46336	1.48811	9.89001	0.00816785	9.9	9.49949e-07	-2.72481	0.908268
9.6752	-0.572974	-2.57074	1.60958	9.75876	0.0560308	9.75	0.0500011	-2.72477	0.90826
9.53387	-0.458149	-2.57015	1.81679	9.63528	0.0929341	9.65	0.100001	-1.81759	0.908784
9.43175	-0.354608	-2.51536	1.89982	9.56967	0.149506	9.55	0.15	-1.81757	0.908775
9.31944	-0.253535	-2.45331	1.89656	9.56225	0.148577	9.4	0.15	-2.72659	0
9.19937	-0.146442	-2.4402	1.94177	9.25348	0.150166	9.25	0.15	-2.72658	0
9.06533	-0.0434063	-2.44998	1.909	9.0821	0.207802	9.1	0.2	-2.72925	0.909752
8.92725	0.0642684	-2.47732	1.93495	8.93575	0.243169	8.95	0.25	-2.72926	0.909752
8.81003	0.160686	-2.43077	1.85938	8.94634	0.26481	8.8	0.25	-2.72783	0
8.66444	0.263494	-2.46314	1.85742	8.64483	0.254352	8.65	0.25	-2.7278	0
8.52506	0.356853	-2.47337	1.77782	8.46866	0.251128	8.5	0.25	-2.72395	0
8.37999	0.452062	-2.47573	1.74736	8.35775	0.250149	8.35	0.25	-2.72395	0
8.25482	0.535772	-2.43494	1.64849	8.28111	0.196974	8.2	0.2	-2.73278	-0.910929
8.09042	0.619329	-2.46463	1.57421	8.03004	0.154113	8.05	0.15	-2.73279	-0.910929
7.96039	0.644503	-2.47912	1.11433	7.74678	0.154598	7.85	0.15	-3.9992	0
7.76526	0.691889	-2.6058	1.02637	7.63715	0.143302	7.65	0.15	-3.99916	0
7.65176	0.758667	-2.47839	1.17608	7.61982	0.157052	7.55	0.15	-1.99868	0
7.50852	0.800144	-2.42314	1.04988	7.43926	0.160393	7.45	0.15	-1.99866	0
7.39718	0.830493	-2.31436	0.873513	7.34481	0.102019	7.3	0.100001	-2.72622	-0.908734
7.24632	0.853792	-2.23711	0.699285	7.16771	0.0463372	7.15	0.0500011	-2.72623	-0.908734
7.15212	0.886331	-2.03252	0.697399	7.05721	-0.05037	7.05	-0.0499995	-1.81887	-1.81889
7.04221	0.872621	-1.80023	0.388371	6.95035	-0.144849	6.95	-0.15	-1.81888	-1.81889
6.99841	0.852626	-1.48817	0.195073	6.87212	-0.243254	6.85	-0.25	-1.81792	-1.81792
6.93364	0.759781	-1.1302	-0.324309	6.76317	-0.34818	6.75	-0.35	-1.81792	-1.81792
6.81609	0.711725	-1.48229	-0.550236	6.75759	-0.453523	6.65	-0.45	-1.81881	-1.8188
6.69093	0.497031	-1.55418	-1.41819	6.56412	-0.553924	6.55	-0.549999	-1.81879	-1.81878
6.59263	0.383627	-1.68515	-1.57441	6.60439	-0.765755	6.45	-0.749999	-1.81971	-3.63941
6.40119	0.225741	-2.09385	-1.98773	6.36344	-0.942514	6.35	-0.949999	-1.81969	-3.63937
6.23402	0.00457105	-2.2958	-2.73156	6.35624	-1.10001	6.35	-1.1	0	-2.99522
6.13862	-0.156069	-2.3896	-2.94563	6.36321	-1.25111	6.35	-1.25	0	-2.99519
5.96962	-0.395808	-2.56654	-3.49077	6.30992	-1.40686	6.35	-1.4	0	-2.72817
5.97913	-0.599168	-2.20892	-3.718	6.35537	-1.55723	6.35	-1.55	0	-2.72817
5.88162	-0.860196	-2.2113	-4.20716	6.50996	-1.74616	6.35	-1.7	0	-2.72628
5.97913	-1.1185	-1.62402	-4.47275	6.35448	-1.83673	6.35	-1.85	0	-2.72628
5.92549	-1.39369	-1.57993	-4.72571	6.38849	-2.02257	6.35	-2	0	-2.73154
6.04614	-1.69763	-1.02671	-4.9995	6.35078	-2.13767	6.35	-2.15	0	-2.73152
6.02478	-1.96157	-0.966172	-5.09459	6.28921	-2.27735	6.35	-2.3	0	-2.99503
6.11345	-2.2581	-0.604108	-5.2944	6.33355	-2.43768	6.35	-2.45	0	-2.99503
6.09477	-2.56166	-0.587365	-5.38916	6.30986	-2.56694	6.4	-2.6	0.909996	-2.73
6.17392	-2.89976	-0.271813	-5.5502	6.45623	-2.7536	6.45	-2.75	0.91	-2.73
6.17554	-3.2073	-0.199922	-5.53616	6.40481	-2.87127	6.5	-2.9	0.907593	-2.72277
6.20703	-3.52852	-0.0315721	-5.57356	6.54629	-3.01951	6.55	-3.05	0.907584	-2.72274
6.24924	-3.83689	0.178389	-5.48704	6.70928	-3.32749	6.55	-3.25	0	-3.63617
6.23036	-4.1159	0.177628	-5.38337	6.54763	-3.45513	6.55	-3.45	0	-3.63613
6.24197	-4.39357	0.275348	-5.24487	6.52015	-3.55608	6.6	-3.6	0.909673	-2.72901
6.1984	-4.63419	0.226902	-5.06005	6.64571	-3.73674	6.65	-3.75	0.909661	-2.72898
6.21952	-4.89656	0.356599	-4.92994	6.71319	-3.83967	6.75	-3.85	1.81795	-1.81795
6.17313	-5.10631	0.331925	-4.70437	6.85201	-3.93663	6.85	-3.95	1.81793	-1.81793
6.22385	-5.37467	0.498738	-4.69928	7.13409	-4.28567	6.9	-4.15	0.909979	-3.63994
6.1811	-5.56158	0.481935	-4.45438	6.9548	-4.32855	6.95	-4.35	0.909975	-3.6399
6.22985	-5.78477	0.71598	-4.25763	7.00947	-4.44692	7	-4.45	0.907889	-1.81577
6.17712	-5.92167	0.670523	-3.94107	7.05586	-4.55105	7.05	-4.55	0.907881	-1.81576
6.22843	-6.12691	0.822345	-3.85167	7.15974	-4.75194	7.1	-4.7	0.909789	-2.72935
6.18809	-6.23909	0.821426	-3.5499	7.13261	-4.82718	7.15	-4.85	0.909777	-2.72933
6.23976	-6.43836	0.882911	-3.60403	7.2829	-5.01975	7.25	-5	1.81861	-2.72792
6.25222	-6.57055	1.05708	-3.41454	7.34301	-5.14642	7.35	-5.15	1.81859	-2.72789
6.32514	-6.72507	1.24944	-3.30045	7.32687	-5.26205	7.4	-5.3	0.999994	-3
6.36661	-6.83441	1.46657	-3.16642	7.46174	-5.44979	7.45	-5.45	0.999999	-3
6.46746	-6.97833	1.67881	-2.96023	7.47116	-5.48352	7.55	-5.55	1.81749	-1.81749
6.56594	-7.08312	2.06163	-2.82197	7.65989	-5.6552	7.65	-5.65	1.81747	-1.81747
6.68437	-7.16516	2.15054	-2.26801	7.78563	-5.85993	7.7	-5.8	0.909598	-2.72881
6.89717	-7.21464	2.90991	-2.03633	7.75276	-5.95823	7.75	-5.95	0.909594	-2.72878
6.97907	-7.29813	2.58768	-1.90238	7.79663	-6.00945	7.85	-6.05	1.81964	-1.81964
7.08383	-7.25245	2.6388	-1.19984	7.95034	-6.15505	7.95	-6.15	1.81962	-1.81962
7.22508	-7.26831	2.73613	-0.974078	8.04642	-6.30578	8.05	-6.3	1.99731	-2.99599
7.34474	-7.25011	2.68702	-0.590132	8.14855	-6.44643	8.15	-6.45	1.99732	-2.99598
7.49206	-7.29833	2.63002	-0.649772	8.26534	-6.60186	8.2	-6.55	0.909111	-1.81822
7.62435	-7.2986	2.59225	-0.421206	8.25279	-6.64996	8.25	-6.65	0.909111	-1.81822
7.7672	-7.30538	2.62482	-0.324151	8.2109	-6.73286	8.3	-6.8	0.90845	-2.72534
7.92117	-7.32129	2.65528	-0.234856	8.35448	-6.94719	8.35	-6.95	0.908442	-2.72531
8.10275	-7.33428	2.86463	-0.120945	8.61718	-7.22425	8.45	-7.1	1.81925	-2.72886
8.29564	-7.3734	2.977	-0.171726	8.54666	-7.24803	8.55	-7.25	1.81924	-2.72886
8.47507	-7.38949	3.0518	-0.156331	8.69659	-7.3744	8.65	-7.35	1.82079	-1.8208
8.66997	-7.42412	3.13633	-0.217792	8.74711	-7.43338	8.75	-7.45	1.8208	-1.8208
8.82651	-7.42422	3.16834	-0.152607	8.68846	-7.50096	8.8	-7.6	0.997629	-2.99288
9.01656	-7.46503	3.26425	-0.27359	8.84984	-7.75349	8.85	-7.75	0.997629	-2.99288
9.18382	-7.48227	3.18823	-0.336312	8.77486	-7.80083	8.9	-7.9	0.909127	-2.72742
9.37665	-7.52518	3.23965	-0.479621	8.94604	-8.07116	8.95	-8.05	0.909127	-2.7274
9.53704	-7.55972	3.11324	-0.598951	8.92041	-8.11276	9	-8.15	0.909524	-1.81903
9.67795	-7.57825	3.03095	-0.67537	9.01893	-8.23506	9.05	-8.25	0.909516	-1.81902
9.83309	-7.61726	2.96967	-0.733082	9.04724	-8.3711	9.1	-8.4	0.909922	-2.72975
9.97814	-7.66181	2.93411	-0.91026	9.1628	-8.53304	9.15	-8.55	0.909913	-2.72976
10.1275	-7.69386	2.94485	-0.853593	9.09379	-8.55764	9.25	-8.7	1.8169	-2.72535
10.2937	-7.77732	2.98759	-1.17981	9.3508	-8.85468	9.35	-8.85	1.81688	-2.72532
10.4482	-7.86007	2.90372	-1.31988	9.40597	-8.96981	9.4	-9	0.910219	-2.73069
10.588	-7.9623	2.8978	-1.69666	9.45338	-9.162	9.45	-9.15	0.910228	-2.73069
10.6983	-8.05761	2.62986	-1.81298	9.51544	-9.36256	9.5	-9.3	0.997908	-2.99371
10.8053	-8.25034	2.62142	-2.56492	9.56994	-9.45148	9.55	-9.45	0.997908	-2.99372
10.9032	-8.26194	2.38974	-1.95256	9.62712	-9.59131	9.6	-9.55	0.909971	-1.81993
10.8711	-8.35846	1.60872	-2.15994	9.64603	-9.66938	9.65	-9.65	0.909954	-1.81992
10.9639	-8.45722	1.63185	-2.0247	9.63311	-9.79216	9.65	-9.8	0	-2.73054
10.9021	-8.53229	0.880303	-1.99786	9.64842	-9.95866	9.65	-9.95	0	-2.73053
10.9085	-8.63821	0.68624	-2.09118	9.61381	-9.98703	9.7	-10.1	0.998187	-2.99456
10.8872	-8.73603	0.281921	-2.09022	9.7516	-10.2483	9.75	-10.25	0.998187	-2.99455
10.8938	-8.87006	0.165187	-2.23012	9.7698	-10.3568	9.8	-10.4	0.909806	-2.7294
10.9123	-9.02093	-0.0145559	-2.37412	9.8633	-10.5382	9.85	-10.55	0.909797	-2.72938
10.9281	-9.17271	-0.00836338	-2.46937	9.8617	-10.6917	9.85	-10.7	0	-2.72718
10.9462	-9.33976	-0.136939	-2.61956	9.84674	-10.8547	9.85	-10.85	0	-2.72715
10.9445	-9.49462	-0.150984	-2.67044	9.75887	-10.887	9.85	-11	0	-2.72395
10.9624	-9.67736	-0.242558	-2.82686	9.86442	-11.1448	9.85	-11.15	0	-2.72395
10.9688	-9.85573	-0.223343	-2.92063	9.87245	-11.316	9.85	-11.3	0	-2.73074
10.9736	-10.0437	-0.329077	-3.0468	9.85036	-11.4464	9.85	-11.45	0	-2.73075
10.9819	-10.2381	-0.280078	-3.13796	9.93142	-11.6783	9.85	-11.6	0	-2.72396
10.9687	-10.4247	-0.414604	-3.22002	9.83174	-11.7336	9.85	-11.75	0	-2.72396
10.9616	-10.5963	-0.376543	-3.24021	9.80843	-11.8702	9.8	-11.9	-1.0005	-3.00149
10.939	-10.7638	-0.50572	-3.28143	9.75331	-12.0506	9.75	-12.05	-1.0005	-3.0015
10.9304	-10.9401	-0.357509	-3.16633	9.64519	-12.1714	9.65	-12.15	-1.81799	-1.81797
10.8497	-11.0665	-0.649645	-3.06356	9.55524	-12.2329	9.55	-12.25	-1.81797	-1.81797
10.8189	-11.2335	-0.615483	-3.02944	9.47014	-12.4324	9.45	-12.4	-1.82042	-2.73064
10.7219	-11.3492	-0.925293	-2.91761	9.34172	-12.5587	9.35	-12.55	-1.82041	-2.73063
10.6823	-11.4859	-0.839335	-2.82056	9.21558	-12.6577	9.25	-12.65	-1.99893	-1.99891
10.5781	-11.5725	-1.12524	-2.6804	9.16462	-12.7506	9.15	-12.75	-1.99891	-1.9989
10.5201	-11.7128	-1.0684	-2.60948	9.08802	-12.8351	9.05	-12.85	-1.81839	-1.81839
10.3939	-11.7965	-1.38607	-2.46714	8.95936	-12.9426	8.95	-12.95	-1.81838	-1.81838
10.3385	-11.9283	-1.22185	-2.35419	8.8569	-13.1416	8.8	-13	-2.72942	-0.909806
10.1747	-11.9631	-1.61935	-2.10887	8.65422	-13.0444	8.65	-13.05	-2.72941	-0.909806
10.0888	-12.0532	-1.59254	-2.02173	8.49168	-13.0983	8.5	-13.15	-2.99987	-1.99991
9.93381	-12.0793	-1.92437	-1.81739	8.3436	-13.2381	8.35	-13.25	-2.99984	-1.9999
9.83864	-12.1435	-1.79338	-1.63042	8.19421	-13.0768	8.25	-13.2	-1.99797	0.998985
9.6671	-12.1386	-2.12725	-1.38977	8.15674	-13.1486	8.15	-13.15	-1.99797	0.998985
9.54679	-12.2041	-2.11085	-1.3285	7.9999	-13.1879	8	-13.2	-2.73	-0.910004
9.36449	-12.21	-2.43027	-1.15544	7.85314	-13.2533	7.85	-13.25	-2.73	-0.910004
9.22805	-12.25	-2.35503	-1.01602	7.57824	-13.1345	7.65	-13.25	-3.62957	0
9.02487	-12.227	-2.69528	-0.806473	7.45422	-13.2433	7.45	-13.25	-3.62953	0
8.88005	-12.2692	-2.66464	-0.775074	7.33241	-13.2718	7.3	-13.25	-2.7301	0
8.67264	-12.2457	-2.97089	-0.599174	7.13166	-13.2372	7.15	-13.25	-2.73007	0
8.50767	-12.2719	-2.95978	-0.560218	6.97467	-13.1643	7	-13.25	-2.72703	0
8.31115	-12.27	-3.18753	-0.47827	6.84852	-13.2404	6.85	-13.25	-2.727	0
8.14841	-12.3035	-3.11567	-0.465957	6.7113	-13.2598	6.7	-13.2	-2.72742	0.909144
7.94331	-12.2933	-3.33222	-0.371892	6.55626	-13.1584	6.55	-13.15	-2.72742	0.909144
7.75543	-12.2944	-3.29607	-0.278287	6.32545	-12.9303	6.4	-13.1	-2.72703	0.908994
7.54476	-12.2774	-3.49051	-0.191176	6.25112	-13.0473	6.25	-13.05	-2.727	0.908995
7.35707	-12.2894	-3.46366	-0.178916	6.09711	-13.0021	6.1	-13	-2.73	0.910004
7.1449	-12.2758	-3.62817	-0.114394	5.95513	-12.9613	5.95	-12.95	-2.72998	0.909996
6.98079	-12.3048	-3.56255	-0.165036	5.89343	-13.1185	5.8	-12.9	-2.99275	0.99759
6.77337	-12.2729	-3.71826	-0.0432729	5.6635	-12.8347	5.65	-12.85	-2.99275	0.99758
6.58002	-12.2832	-3.64805	-0.0395736	5.61778	-12.8527	5.55	-12.75	-1.81993	1.81994
6.34669	-12.2351	-3.80492	0.106191	5.45219	-12.6228	5.45	-12.65	-1.81994	1.81994
6.13392	-12.2102	-3.76707	0.188326	5.30917	-12.4284	5.35	-12.55	-1.81722	1.81723
5.9065	-12.1682	-3.87298	0.281498	5.25069	-12.4448	5.25	-12.45	-1.81721	1.81721
5.70346	-12.1544	-3.78641	0.30752	5.13338	-12.4375	5.1	-12.35	-2.72881	1.8192
5.47301	-12.0976	-3.8844	0.42551	4.9499	-12.2734	4.95	-12.25	-2.72881	1.81921
5.25897	-12.0702	-3.87385	0.443527	4.92993	-12.1787	4.9	-12.15	-0.908467	1.81693
5.02977	-12.0129	-3.92693	0.539484	4.84027	-12.0359	4.85	-12.05	-0.908462	1.81692
4.827	-11.9813	-3.79063	0.584213	4.79909	-11.9738	4.75	-11.9	-1.81788	2.72684
4.59351	-11.8892	-3.8415	0.755272	4.63814	-11.758	4.65	-11.75	-1.81788	2.72683
4.3688	-11.813	-3.86818	0.856171	4.50688	-11.4491	4.6	-11.65	-0.909963	1.81994
4.1485	-11.7406	-3.85027	0.921636	4.5399	-11.541	4.55	-11.55	-0.909959	1.81992
3.94541	-11.6691	-3.70091	1.01843	4.46798	-11.2692	4.5	-11.35	-0.909227	3.63689
3.72101	-11.5434	-3.67894	1.20195	4.45518	-11.1556	4.45	-11.15	-0.909218	3.63686
3.5198	-11.4901	-3.70089	1.14978	4.47788	-11.2387	4.4	-11.05	-0.909227	1.81845
3.30784	-11.3828	-3.62234	1.24714	4.36691	-10.9529	4.35	-10.95	-0.909222	1.81844
3.10126	-11.2957	-3.64747	1.28632	4.34978	-10.6819	4.4	-10.8	0.9094	2.72823
2.89776	-11.185	-3.51265	1.35543	4.42489	-10.6572	4.45	-10.65	0.909396	2.72819
2.73239	-11.1221	-3.41496	1.34183	4.45256	-10.5332	4.45	-10.5	0	3.00113
2.55314	-10.9889	-3.28318	1.46246	4.44692	-10.3512	4.45	-10.35	0	3.00113
2.38628	-10.8968	-3.26426	1.49873	4.41237	-9.99477	4.5	-10.2	0.999524	2.99855
2.2191	-10.756	-3.08587	1.59292	4.5556	-10.0446	4.55	-10.05	0.999524	2.99856
2.06933	-10.6852	-3.05006	1.54141	4.57379	-9.85032	4.6	-9.9	0.998267	2.9948
1.91503	-10.5302	-2.82576	1.63969	4.65841	-9.75093	4.65	-9.75	0.998262	2.99479
1.74626	-10.4469	-2.97316	1.55181	4.60255	-9.4741	4.7	-9.65	0.910924	1.82187
1.59644	-10.3065	-2.62988	1.54824	4.74425	-9.53907	4.75	-9.55	0.910928	1.82186
1.46246	-10.2607	-2.58378	1.38301	4.78405	-9.35872	4.8	-9.4	0.908038	2.72411
1.33358	-10.09	-2.18087	1.43985	4.87523	-9.25457	4.85	-9.25	0.908033	2.7241
1.22468	-10.0603	-2.14236	1.21819	4.92663	-9.02336	4.95	-9.1	1.81851	2.72776
1.13061	-9.88167	-1.64228	1.23383	5.04624	-8.96378	5.05	-8.95	1.81852	2.72777
1.0634	-9.88213	-1.51934	0.928092	5.1055	-8.72095	5.15	-8.8	1.8165	2.72476
1.02679	-9.70407	-0.8419	0.847893	5.26299	-8.64398	5.25	-8.65	1.8165	2.72475
1.02445	-9.78519	-0.637668	0.247657	5.34134	-8.5519	5.35	-8.55	1.82159	1.8216
1.16125	-9.71664	0.705639	-0.311035	5.43218	-8.43885	5.45	-8.45	1.82157	1.82157
1.15054	-9.64581	0.480346	0.277649	5.5122	-8.36624	5.5	-8.35	0.908054	1.81609
1.36228	-9.23651	1.9553	1.73454	5.54143	-8.23537	5.55	-8.25	0.908054	1.8161
1.51359	-9.14899	2.19818	1.856	5.72065	-8.20245	5.7	-8.15	2.72851	1.81902
1.66825	-8.87792	2.70287	2.67663	5.85207	-8.0316	5.85	-8.05	2.72849	1.81899
1.8437	-8.781	2.90546	2.6393	5.99121	-7.96746	5.95	-7.9	1.81851	2.72777
2.0263	-8.57564	3.24898	3.14799	6.04955	-7.75139	6.05	-7.75	1.81852	2.72777
2.25098	-8.47732	3.60341	3.0488	6.20599	-7.74241	6.15	-7.65	1.81739	1.81739
2.48456	-8.34897	3.96695	3.2263	6.2473	-7.56333	6.25	-7.55	1.81739	1.81739
2.74871	-8.25816	4.27577	3.07982	6.39144	-7.48582	6.35	-7.45	1.8164	1.81641
3.04038	-8.20156	4.68711	3.01565	6.44526	-7.36223	6.45	-7.35	1.81638	1.81638
3.34886	-8.1289	4.98448	2.85086	6.66209	-7.31025	6.6	-7.25	2.72856	1.81904
3.69273	-8.1027	5.40328	2.72659	6.74856	-7.14204	6.75	-7.15	2.72856	1.81904
4.02864	-8.03459	5.55959	2.54586	6.83447	-7.05268	6.85	-7.05	1.82066	1.82066
4.40363	-8.00535	5.93021	2.45579	6.97717	-6.96144	6.95	-6.95	1.82065	1.82065
4.73527	-7.94586	6.05381	2.31465	7.13677	-6.88363	7.1	-6.85	2.99976	1.99984
5.08301	-7.88934	6.27887	2.31898	7.2552	-6.74652	7.25	-6.75	2.99976	1.99984
5.40762	-7.81856	6.20735	2.1207	7.234	-6.59525	7.3	-6.65	0.999384	1.99876
5.71558	-7.69754	6.24292	2.28009	7.33491	-6.53948	7.35	-6.55	0.999369	1.99874
6.08773	-7.61024	6.336	2.19761	7.67988	-6.69347	7.5	-6.55	2.72747	0
6.44751	-7.49364	6.41457	2.29633	7.64389	-6.55777	7.65	-6.55	2.72745	0
6.81624	-7.41072	6.36977	2.08913	7.94309	-6.60222	7.75	-6.45	1.81623	1.81624
7.11009	-7.2275	6.21215	2.34	7.84566	-6.34021	7.85	-6.35	1.81623	1.81624
7.43117	-7.09218	6.0884	2.28992	7.9171	-6.24084	8	-6.3	2.72648	0.908821
7.70506	-6.90342	5.91132	2.50195	8.14601	-6.23101	8.15	-6.25	2.72645	0.908817
8.01762	-6.78553	5.75692	2.29214	8.37368	-6.18614	8.25	-6.1	1.81898	2.72847
8.20951	-6.55107	5.37974	2.59323	8.35502	-5.95811	8.35	-5.95	1.81897	2.72844
8.47081	-6.38942	5.23789	2.588	8.43843	-5.87193	8.5	-5.9	2.72647	0.90883
8.66145	-6.17132	4.9451	2.78754	8.64201	-5.86567	8.65	-5.85	2.72645	0.908817
8.90583	-6.01773	4.79103	2.66598	8.76652	-5.75601	8.75	-5.75	1.81789	1.81788
9.04802	-5.78801	4.42697	2.86089	8.85198	-5.65134	8.85	-5.65	1.81789	1.81788
9.25159	-5.61398	4.27788	2.84152	8.91028	-5.47662	9	-5.55	2.73109	1.82073
9.38939	-5.39853	3.99021	2.96596	9.13482	-5.45989	9.15	-5.45	2.73106	1.82072
9.59248	-5.23961	3.89864	2.85983	9.32693	-5.39468	9.25	-5.35	1.81796	1.81795
9.69638	-5.02227	3.57489	2.96643	9.33045	-5.26019	9.35	-5.25	1.81794	1.81793
9.86628	-4.85005	3.48369	2.9499	9.4498	-5.12838	9.5	-5.15	2.72905	1.81937
9.98397	-4.65288	3.27249	2.98836	9.63754	-5.04328	9.65	-5.05	2.72903	1.81935
10.1426	-4.51963	3.2074	2.80604	9.83281	-5.00671	9.7	-4.95	0.998666	1.99733
10.1991	-4.33352	2.91453	2.86133	9.74856	-4.84745	9.75	-4.85	0.998656	1.99731
10.35	-4.18071	2.86721	2.77877	9.96003	-4.81123	9.85	-4.75	1.8172	1.81719
10.4097	-3.99018	2.59649	2.79661	9.93394	-4.66432	9.95	-4.65	1.81717	1.81717
10.5438	-3.83993	2.5611	2.73491	10.1357	-4.58625	10.05	-4.55	1.82042	1.82043
10.6012	-3.66219	2.33932	2.71897	10.1444	-4.44253	10.15	-4.45	1.82041	1.82042
10.7227	-3.50523	2.33743	2.7691	10.3185	-4.35401	10.3	-4.35	2.72672	1.81782
10.8213	-3.34787	2.27501	2.69413	10.4496	-4.24828	10.45	-4.25	2.7267	1.8178
10.9456	-3.22102	2.23621	2.47695	10.5826	-4.11494	10.5	-4.1	0.908764	2.72628
10.9845	-3.06344	2.02214	2.43534	10.5542	-3.95161	10.55	-3.95	0.908764	2.72628
11.081	-2.93381	1.97097	2.3554	10.6618	-3.80699	10.65	-3.8	1.8194	2.72911
11.126	-2.79123	1.82235	2.30062	10.7602	-3.65417	10.75	-3.65	1.81939	2.72908
11.2176	-2.66313	1.80614	2.29531	10.8593	-3.57039	10.85	-3.55	1.81839	1.81838
11.2712	-2.53096	1.71413	2.21566	10.9375	-3.46792	10.95	-3.45	1.81838	1.81838
11.3572	-2.42473	1.66969	2.04169	11.0183	-3.30073	11	-3.3	0.908549	2.72563
11.3852	-2.30253	1.52597	1.97732	11.0672	-3.14607	11.05	-3.15	0.908549	2.72564
11.4526	-2.20514	1.46202	1.83269	11.1054	-3.01303	11.1	-3	0.90888	2.72663
11.4539	-2.09169	1.27875	1.78176	11.1428	-2.8481	11.15	-2.85	0.908863	2.72661
11.5052	-2.00256	1.21202	1.66304	11.1758	-2.69942	11.2	-2.7	0.909988	2.72995
11.5049	-1.90193	1.06253	1.61388	11.2495	-2.5409	11.25	-2.55	0.909988	2.72995
11.5684	-1.86029	1.00965	1.17757	11.4549	-2.46508	11.2	-2.4	-0.907692	2.72306
11.4913	-1.77153	0.670829	1.17366	11.1705	-2.24061	11.15	-2.25	-0.907683	2.72304
11.5126	-1.67908	0.696605	1.40415	11.2202	-2.08176	11.25	-2.1	1.8219	2.73284
11.5104	-1.59839	0.620445	1.36437	11.3536	-1.97104	11.35	-1.95	1.82188	2.73281
11.5234	-1.54111	0.544261	1.18707	11.224	-1.77367	11.35	-1.8	0	2.71996
11.4972	-1.46652	0.402093	1.17837	11.3661	-1.64386	11.35	-1.65	0	2.71993
11.4901	-1.41252	0.291084	1.04579	11.2691	-1.47976	11.35	-1.5	0	2.73448
11.4438	-1.34196	0.118403	1.07299	11.3391	-1.34511	11.35	-1.35	0	2.73446
11.4225	-1.34797	-0.0684975	0.541955	11.2507	-1.19626	11.25	-1.2	-1.99969	2.99952
11.3028	-1.29092	-0.41911	0.638726	11.1532	-1.04324	11.15	-1.05	-1.99967	2.99949
11.2072	-1.27002	-0.785987	0.452042	10.9697	-0.89157	11.1	-0.9	-1.00006	3.00024
11.0879	-1.20544	-1.06765	0.657287	11.0654	-0.742685	11.05	-0.75	-1.00006	3.00021
10.9974	-1.19843	-1.27379	0.439685	10.8913	-0.655608	10.95	-0.649999	-1.81771	1.81773
10.8341	-1.11173	-1.62884	0.72013	10.8418	-0.549005	10.85	-0.549999	-1.81772	1.81773
10.7373	-1.07026	-1.68998	0.722548	10.827	-0.442912	10.75	-0.45	-1.81842	1.8184
10.5807	-0.972831	-1.98939	0.994592	10.6642	-0.353413	10.65	-0.35	-1.8184	1.81839
10.494	-0.979037	-2.01317	0.684999	10.5503	-0.248633	10.5	-0.25	-3.00035	2.00024
10.3187	-0.902336	-2.33839	0.878858	10.3487	-0.171899	10.35	-0.15	-3.00032	2.00022
10.1969	-0.838187	-2.35442	1.01087	10.2559	-0.115293	10.25	-0.0999996	-2.00053	1.00027
10.036	-0.745256	-2.59873	1.24273	10.137	-0.0462889	10.15	-0.0499992	-2.00053	1.00027
9.90091	-0.651744	-2.63387	1.43321	10.0717	0.0165033	10.05	9.49949e-07	-2.00009	1.00004
9.78254	-0.567368	-2.67899	1.55342	9.92833	0.0556031	9.95	0.0500011	-2.00006	1.00003
9.66317	-0.496304	-2.65577	1.5208	9.8478	0.0279858	9.8	0.0500011	-3.00025	0
9.54977	-0.415374	-2.64869	1.59272	9.65029	0.0372757	9.65	0.0500011	-3.00024	0
9.42489	-0.343714	-2.64746	1.53248	9.54682	0.0997641	9.5	0.100001	-2.99825	0.999409
9.2897	-0.260256	-2.69711	1.59326	9.33515	0.138463	9.35	0.15	-2.99825	0.999409
9.16938	-0.148944	-2.60456	1.81477	9.46113	0.134275	9.25	0.15	-1.81915	0
9.05818	-0.0490679	-2.53792	1.84717	9.13787	0.161547	9.15	0.15	-1.81913	0
8.94567	0.0285509	-2.5053	1.7365	9.02723	0.196492	9	0.2	-2.99927	0.99976
8.81716	0.117394	-2.52751	1.75372	8.82128	0.250523	8.85	0.25	-2.99927	0.99976
8.69011	0.190903	-2.53977	1.62546	8.67607	0.247512	8.7	0.25	-2.99873	0
8.55863	0.272136	-2.54956	1.62192	8.54916	0.247046	8.55	0.25	-2.99871	0
8.42258	0.357747	-2.53571	1.59418	8.44086	0.253341	8.4	0.25	-2.72872	0
8.26728	0.442996	-2.55849	1.56422	8.2302	0.258614	8.25	0.25	-2.72871	0
8.14402	0.504323	-2.53844	1.42681	8.1066	0.204722	8.1	0.2	-2.99909	-0.9997
7.99815	0.568792	-2.5361	1.36029	7.94777	0.127954	7.95	0.15	-2.9991	-0.9997
7.87596	0.613669	-2.51251	1.17242	7.82213	0.149733	7.8	0.15	-3.00101	0
7.71567	0.663027	-2.538	1.08784	7.63383	0.15164	7.65	0.15	-3.00099	0
7.58058	0.713296	-2.48694	1.02295	7.49691	0.101076	7.5	0.100001	-2.72698	-0.908982
7.42382	0.749952	-2.42824	0.876313	7.35046	0.0656199	7.35	0.0500011	-2.72695	-0.908974
7.30687	0.797961	-2.32333	0.92799	7.13188	-0.00451978	7.25	9.49949e-07	-2.00032	-1.00016
7.20067	0.810881	-2.12625	0.721818	7.14965	-0.0559868	7.15	-0.0499992	-2.0003	-1.00015
7.09037	0.79317	-2.06037	0.356737	6.77233	-0.150907	7	-0.15	-2.72534	-1.8169
6.97213	0.762009	-1.85237	0.0603849	6.85872	-0.227918	6.85	-0.25	-2.72532	-1.81688
6.99941	0.718716	-1.12163	-0.0716595	6.70421	-0.347264	6.8	-0.349999	-1.00053	-2.00107
6.94364	0.58583	-0.870246	-0.71765	6.74687	-0.441006	6.75	-0.449999	-1.00054	-2.00107
6.82784	0.576594	-1.26477	-0.655384	6.72084	-0.550555	6.65	-0.549999	-2.00016	-2.00017
6.66748	0.432423	-1.59005	-1.22531	6.54837	-0.624094	6.55	-0.65	-2.00016	-2.00017
6.54984	0.280605	-1.74673	-1.65675	6.40088	-0.78131	6.5	-0.799999	-0.999884	-2.99963
6.39232	0.126819	-2.1136	-2.02874	6.44859	-0.960126	6.45	-0.949999	-0.999884	-2.99963
6.23915	-0.0554679	-2.3219	-2.46602	6.37766	-1.0844	6.4	-1.1	-0.999984	-2.99995
6.14718	-0.199044	-2.3839	-2.65811	6.35596	-1.24356	6.35	-1.25	-0.999969	-2.99992
6.01176	-0.418495	-2.48396	-3.31747	6.5527	-1.43518	6.35	-1.4	0	-3.00132
6.01282	-0.5948	-2.20402	-3.51401	6.35503	-1.55184	6.35	-1.55	0	-3.00129
5.89353	-0.83798	-2.26879	-3.92891	6.33086	-1.6454	6.35	-1.65	0	-1.81769
5.97252	-1.07791	-1.72331	-4.17586	6.34356	-1.7483	6.35	-1.75	0	-1.81769
5.90205	-1.33073	-1.76066	-4.569	6.34522	-1.96081	6.35	-1.95	0	-3.99976
6.01968	-1.5995	-1.21546	-4.83198	6.34095	-2.12276	6.35	-2.15	0	-3.99972
5.99009	-1.85671	-1.15902	-4.94998	6.3068	-2.23646	6.35	-2.25	0	-2
6.08558	-2.14797	-0.753004	-5.17027	6.34785	-2.35274	6.35	-2.35	0	-1.99998
6.07065	-2.41257	-0.687841	-5.19295	6.26272	-2.46894	6.35	-2.5	0	-3
6.1324	-2.70683	-0.422099	-5.33487	6.36265	-2.64414	6.35	-2.65	0	-3
6.1263	-2.98231	-0.385011	-5.38804	6.38105	-2.77438	6.4	-2.8	1.00003	-3.00012
6.17007	-3.27769	-0.185848	-5.47544	6.461	-2.95066	6.45	-2.95	1.00003	-3.00009
6.17549	-3.55927	-0.138465	-5.51268	6.50958	-3.15806	6.5	-3.15	0.999284	-3.99712
6.20407	-3.85045	0.00375111	-5.55293	6.55345	-3.36165	6.55	-3.35	0.999284	-3.99712
6.23524	-4.14928	0.19664	-5.42374	6.64067	-3.46888	6.6	-3.45	0.909922	-1.81983
6.20371	-4.41257	0.181614	-5.27519	6.63536	-3.55462	6.65	-3.55	0.909917	-1.81984
6.22129	-4.66659	0.286491	-5.18537	6.70376	-3.69784	6.7	-3.7	0.999335	-2.99802
6.18131	-4.87896	0.256026	-5.01258	6.75151	-3.84595	6.75	-3.85	0.99934	-2.99802
6.1959	-5.12866	0.386951	-4.83045	6.65288	-3.91672	6.8	-4	0.908549	-2.72564
6.15023	-5.32954	0.359068	-4.59638	6.85764	-4.15466	6.85	-4.15	0.908537	-2.72561
6.19498	-5.5615	0.601742	-4.39126	6.9447	-4.2991	6.9	-4.25	0.90988	-1.81977
6.1282	-5.70284	0.522423	-4.06093	6.94846	-4.34203	6.95	-4.35	0.909876	-1.81975
6.1714	-5.8985	0.677384	-3.98442	7.09552	-4.55441	7	-4.5	1.00008	-3.00024
6.12906	-6.01325	0.6666	-3.73182	7.03506	-4.6461	7.05	-4.65	1.00008	-3.00024
6.17477	-6.21181	0.728564	-3.81377	7.25009	-4.88515	7.15	-4.8	1.99984	-2.99976
6.1776	-6.34731	0.864559	-3.65725	7.26242	-4.9318	7.25	-4.95	1.99984	-2.99976
6.26	-6.51739	1.15621	-3.49292	7.33292	-5.08676	7.3	-5.05	1.00028	-2.00057
6.26514	-6.61504	1.25878	-3.27778	7.3521	-5.15533	7.35	-5.15	1.00028	-2.00056
6.34813	-6.75727	1.46031	-3.10991	7.40318	-5.28627	7.4	-5.3	1.00003	-3.00012
6.39639	-6.84779	1.68296	-2.95044	7.44098	-5.44336	7.45	-5.45	1.00004	-3.00012
6.49714	-6.96851	1.85529	-2.77824	7.46878	-5.50726	7.55	-5.55	1.99961	-1.99961
6.62869	-7.05671	2.3618	-2.66982	7.66561	-5.647	7.65	-5.65	1.9996	-1.9996
6.68004	-7.10698	2.0591	-2.104	7.70927	-5.8194	7.7	-5.8	1.00027	-3.00084
6.91276	-7.11361	2.85467	-1.67126	7.75724	-5.96146	7.75	-5.95	1.00028	-3.00084
7.02127	-7.17698	2.73694	-1.59219	7.71187	-5.94164	7.85	-6.05	1.9998	-1.99981
7.12611	-7.15325	2.72989	-1.08979	7.95005	-6.14609	7.95	-6.15	1.9998	-1.9998
7.24908	-7.22272	2.59299	-1.16189	8.03808	-6.28852	8	-6.25	1.00004	-2.00008
7.34393	-7.20205	2.4984	-0.775673	8.04346	-6.35767	8.05	-6.35	1.00004	-2.00008
7.48032	-7.20078	2.65641	-0.540098	8.1071	-6.48544	8.15	-6.5	1.99951	-2.99928
7.61823	-7.2099	2.66371	-0.359266	8.25742	-6.66007	8.25	-6.65	1.9995	-2.99925
7.76896	-7.24951	2.63359	-0.439425	8.38768	-6.7963	8.3	-6.75	0.90921	-1.81841
7.91614	-7.2648	2.64348	-0.336265	8.33159	-6.8699	8.35	-6.85	0.90921	-1.81841
8.07817	-7.29104	2.80003	-0.290222	8.58336	-7.15056	8.4	-7	1.0001	-3.00036
8.23332	-7.31685	2.84581	-0.285637	8.45779	-7.15285	8.45	-7.15	1.00011	-3.00036
8.36946	-7.3085	2.86884	-0.170579	8.37938	-7.10665	8.55	-7.25	1.99907	-1.99908
8.54243	-7.34552	2.95956	-0.236507	8.647	-7.3454	8.65	-7.35	1.99908	-1.99908
8.70965	-7.36338	3.06104	-0.20649	8.76035	-7.57239	8.7	-7.5	1.00058	-3.00174
8.89336	-7.40661	3.15558	-0.321855	8.76121	-7.66039	8.75	-7.65	1.00057	-3.00171
9.04873	-7.43862	3.0934	-0.436444	8.81118	-7.75569	8.8	-7.75	0.999844	-1.99968
9.1979	-7.46136	3.08034	-0.494124	8.84363	-7.83628	8.85	-7.85	0.999844	-1.99968
9.3807	-7.48739	3.26481	-0.406726	9.07758	-8.1058	8.95	-8	2.00017	-3.00024
9.55952	-7.53268	3.31902	-0.564894	9.05238	-8.15838	9.05	-8.15	2.00014	-3.00021
9.71566	-7.57675	3.22197	-0.710022	9.05557	-8.22632	9.1	-8.25	0.998905	-1.99781
9.85662	-7.60649	3.17276	-0.807089	9.15492	-8.35136	9.15	-8.35	0.998886	-1.99779
10.0281	-7.66818	3.1039	-0.935302	9.30408	-8.57245	9.2	-8.5	0.908863	-2.72657
10.1642	-7.71091	3.01872	-1.08898	9.2543	-8.64461	9.25	-8.65	0.908855	-2.72655
10.297	-7.7683	2.84807	-1.18035	9.15971	-8.67035	9.3	-8.8	0.909475	-2.72841
10.4239	-7.84468	2.79993	-1.46709	9.35164	-8.95148	9.35	-8.95	0.909466	-2.72839
10.5673	-7.93363	2.80511	-1.56255	9.47941	-9.179	9.4	-9.1	0.999765	-2.99935
10.6749	-8.06897	2.78543	-2.11652	9.44272	-9.24111	9.45	-9.25	0.999774	-2.99934
10.7084	-8.03992	2.02919	-1.41647	9.53008	-9.38561	9.5	-9.35	0.908962	-1.81792
10.705	-8.28534	1.45436	-2.35521	9.5752	-9.43724	9.55	-9.45	0.908954	-1.8179
10.7779	-8.40414	1.42351	-2.31367	9.60163	-9.60777	9.6	-9.6	0.909988	-2.72996
10.7538	-8.49972	0.899147	-2.35613	9.62903	-9.75552	9.65	-9.75	0.909971	-2.72993
10.7896	-8.63352	0.8119	-2.40728	9.69155	-9.89958	9.7	-9.9	0.907972	-2.7239
10.7833	-8.75363	0.466597	-2.41375	9.74482	-10.046	9.75	-10.05	0.907972	-2.72391
10.8064	-8.88614	0.443188	-2.40928	9.69256	-10.1336	9.75	-10.2	0	-2.73106
10.8016	-9.01514	0.178735	-2.43795	9.75264	-10.3488	9.75	-10.35	0	-2.73105
10.809	-9.16259	0.0680042	-2.62394	9.82419	-10.5024	9.8	-10.5	1	-2.99999
10.8202	-9.31309	-0.0583616	-2.70987	9.83234	-10.6514	9.85	-10.65	0.999994	-2.99996
10.8235	-9.464	-0.0910237	-2.79757	9.825	-10.7525	9.85	-10.8	0	-3.00047
10.8436	-9.63472	-0.152689	-2.92244	9.85033	-10.9603	9.85	-10.95	0	-3.00048
10.8649	-9.79795	-0.0483782	-2.93574	9.91881	-11.1448	9.85	-11.05	0	-1.9956
10.8627	-9.95448	-0.161339	-2.98983	9.86057	-11.1502	9.85	-11.15	0	-1.99559
10.8618	-10.1268	-0.150087	-3.01466	9.83851	-11.2795	9.85	-11.3	0	-2.73184
10.8483	-10.2985	-0.288665	-3.06826	9.83839	-11.4483	9.85	-11.45	0	-2.73182
10.8423	-10.4596	-0.270557	-3.0855	9.79654	-11.5922	9.8	-11.6	-0.998566	-2.9957
10.8174	-10.6125	-0.411054	-3.10218	9.75592	-11.7487	9.75	-11.75	-0.998566	-2.99569
10.8042	-10.795	-0.405719	-3.14884	9.77699	-11.9246	9.75	-11.9	0	-2.73084
10.7779	-10.9741	-0.532325	-3.1979	9.75861	-12.0491	9.75	-12.05	0	-2.73085
10.7587	-11.1484	-0.460152	-3.1422	9.63743	-12.1863	9.65	-12.2	-1.81598	-2.72396
10.6988	-11.2974	-0.671396	-3.10309	9.56514	-12.3446	9.55	-12.35	-1.81597	-2.72396
10.6749	-11.4592	-0.548096	-2.98892	9.47157	-12.4849	9.45	-12.45	-1.82132	-1.82133
10.5733	-11.5602	-0.858207	-2.83359	9.34752	-12.5408	9.35	-12.55	-1.82131	-1.82131
10.5319	-11.713	-0.806648	-2.78363	9.32154	-12.7193	9.3	-12.65	-0.908038	-1.81606
10.4245	-11.8097	-1.09212	-2.64446	9.24151	-12.7411	9.25	-12.75	-0.908029	-1.81605
10.3674	-11.93	-0.967183	-2.46345	9.04013	-12.7738	9.05	-12.85	-3.64007	-1.82004
10.2197	-11.9727	-1.34771	-2.21971	8.83995	-12.9425	8.85	-12.95	-3.64007	-1.82003
10.154	-12.0666	-1.26055	-2.09136	8.73518	-13.0163	8.75	-13	-1.9959	-0.997948
10.0075	-12.0867	-1.59664	-1.85624	8.6395	-13.0341	8.65	-13.05	-1.9959	-0.997948
9.9188	-12.168	-1.51724	-1.71975	8.48414	-13.0416	8.5	-13.1	-2.73149	-0.910502
9.75433	-12.1804	-1.8673	-1.50251	8.34268	-13.1451	8.35	-13.15	-2.73146	-0.910485
9.65139	-12.252	-1.82585	-1.42725	8.19497	-13.1991	8.2	-13.2	-2.72385	-0.907955
9.48162	-12.2605	-2.14945	-1.24306	8.06107	-13.2364	8.05	-13.25	-2.72383	-0.907947
9.36322	-12.3118	-2.08399	-1.13459	7.88931	-13.1791	7.9	-13.25	-2.72673	0
9.18079	-12.3027	-2.40064	-0.943796	7.75593	-13.2425	7.75	-13.25	-2.72673	0
9.04386	-12.3337	-2.35802	-0.832562	7.52542	-13.1457	7.6	-13.25	-2.72991	0
8.85592	-12.3172	-2.6481	-0.665662	7.44992	-13.2329	7.45	-13.25	-2.72991	0
8.71519	-12.333	-2.52827	-0.520697	7.19347	-13.1392	7.25	-13.2	-3.63887	0.909723
8.50811	-12.2837	-2.84461	-0.306253	7.05468	-13.1604	7.05	-13.15	-3.63887	0.909723
8.34761	-12.2976	-2.86797	-0.297218	6.90569	-13.1515	6.9	-13.15	-2.72312	0
8.14162	-12.2614	-3.13206	-0.152518	6.73255	-13.1364	6.75	-13.15	-2.72312	0
8.00242	-12.2965	-3.10489	-0.234889	6.69426	-13.3705	6.6	-13.15	-3.00475	0
7.81834	-12.2769	-3.29466	-0.140094	6.42749	-13.1436	6.45	-13.15	-3.00472	0
7.66645	-12.3011	-3.25492	-0.179418	6.4246	-13.2048	6.35	-13.1	-1.9976	0.998786
7.48655	-12.2939	-3.39692	-0.129389	6.2503	-13.0552	6.25	-13.05	-1.99758	0.998786
7.31503	-12.3196	-3.33855	-0.165846	6.162	-13.1569	6.1	-13	-2.72732	0.909111
7.10565	-12.2986	-3.50801	-0.0818019	5.95166	-12.9396	5.95	-12.95	-2.72732	0.909111
6.91585	-12.3014	-3.47727	-0.0580554	5.78184	-12.8825	5.8	-12.9	-2.72895	0.909657
6.70394	-12.28	-3.62508	0.0127206	5.64785	-12.8416	5.65	-12.85	-2.72896	0.909648
6.51384	-12.2809	-3.54862	0.0403194	5.54035	-12.7925	5.55	-12.75	-1.81808	1.81809
6.29672	-12.2479	-3.67909	0.130668	5.43842	-12.6552	5.45	-12.65	-1.81809	1.81809
6.10283	-12.2384	-3.59095	0.173372	5.33087	-12.5965	5.3	-12.55	-2.7236	1.81575
5.87237	-12.1741	-3.73575	0.334203	5.12059	-12.4527	5.15	-12.45	-2.72358	1.81572
5.68083	-12.1734	-3.66987	0.300604	5.13793	-12.5907	5.05	-12.35	-1.81967	1.81966
5.44835	-12.0994	-3.78577	0.46924	4.95241	-12.2277	4.95	-12.25	-1.81967	1.81967
5.24512	-12.0582	-3.6859	0.552515	4.81467	-12.1072	4.85	-12.1	-1.81844	2.72766
5.01143	-11.9628	-3.77923	0.741364	4.75144	-11.9561	4.75	-11.95	-1.81844	2.72767
4.79433	-11.8995	-3.79694	0.808808	4.6829	-11.7433	4.7	-11.85	-0.909557	1.8191
4.57681	-11.8331	-3.80764	0.87008	4.67603	-11.7496	4.65	-11.75	-0.909553	1.81911
4.3721	-11.7818	-3.74742	0.894654	4.61619	-11.6508	4.6	-11.6	-0.907782	2.72335
4.14925	-11.6849	-3.74705	1.02361	4.5432	-11.4431	4.55	-11.45	-0.907778	2.72334
3.95132	-11.6024	-3.59023	1.13924	4.48104	-11.1618	4.5	-11.25	-0.910253	3.64099
3.73075	-11.4642	-3.57548	1.3389	4.44374	-11.0696	4.45	-11.05	-0.910253	3.64099
3.52383	-11.386	-3.66349	1.32319	4.46178	-10.9843	4.45	-10.95	0	1.81804
3.32126	-11.2896	-3.56064	1.35914	4.4464	-10.8663	4.45	-10.85	0	1.81805
3.13391	-11.2621	-3.59185	1.19621	4.60972	-11.1274	4.45	-10.75	0	1.81614
2.93408	-11.1591	-3.45396	1.25648	4.43858	-10.6346	4.45	-10.65	0	1.81614
2.75929	-11.0859	-3.28997	1.28179	4.43099	-10.4242	4.45	-10.45	0	3.6396
2.56461	-10.9226	-3.14036	1.481	4.44616	-10.2449	4.45	-10.25	0	3.6396
2.39523	-10.8475	-3.11779	1.43989	4.52156	-10.1192	4.5	-10.1	0.910021	2.73005
2.219	-10.6858	-2.90163	1.57367	4.55225	-9.94382	4.55	-9.95	0.910013	2.73003
2.08218	-10.6142	-2.82648	1.52926	4.5897	-9.73456	4.6	-9.8	0.999085	2.99725
1.93829	-10.4516	-2.59461	1.63472	4.64586	-9.65356	4.65	-9.65	0.99908	2.99724
1.78714	-10.371	-2.6926	1.53968	4.61159	-9.38621	4.7	-9.55	0.910095	1.82021
1.65622	-10.2371	-2.32891	1.501	4.7442	-9.45683	4.75	-9.45	0.910091	1.82018
1.54911	-10.1976	-2.2931	1.33731	4.80746	-9.23434	4.85	-9.3	1.99828	2.99743
1.4488	-10.0466	-1.91683	1.33575	4.94202	-9.15915	4.95	-9.15	1.99826	2.99739
1.36972	-10.0328	-1.75741	1.09817	5.03379	-9.03255	5	-9	0.908384	2.72514
1.29878	-9.85111	-1.23145	1.12646	5.06039	-8.84271	5.05	-8.85	0.908384	2.72514
1.25316	-9.89152	-1.17577	0.654857	5.21058	-8.83852	5.15	-8.75	1.81679	1.8168
1.27935	-9.79065	-0.283584	0.324884	5.26598	-8.6555	5.25	-8.65	1.81679	1.8168
1.33792	-9.77178	0.245372	0.513926	5.33786	-8.49992	5.35	-8.5	1.82017	2.73024
1.72494	-9.70121	2.53753	0.0850694	5.43516	-8.36367	5.45	-8.35	1.82015	2.73022
1.84659	-9.68792	2.44726	0.180586	5.58025	-8.28767	5.55	-8.25	1.81852	1.81852
1.98289	-9.36799	2.98709	1.24516	5.65225	-8.1686	5.65	-8.15	1.8185	1.8185
2.15573	-9.32018	3.03228	1.25837	5.83663	-8.14888	5.75	-8.05	1.81752	1.81753
2.31344	-9.06889	3.20642	2.03414	5.81186	-7.95139	5.85	-7.95	1.81752	1.81752
2.51033	-8.99088	3.35223	2.01631	5.99151	-7.92468	5.95	-7.85	1.8194	1.8194
2.69297	-8.77844	3.53145	2.57588	6.04627	-7.74932	6.05	-7.75	1.81941	1.8194
2.90363	-8.66684	3.62938	2.55301	6.05883	-7.47931	6.15	-7.6	1.81742	2.72613
3.11086	-8.48452	3.82577	2.91763	6.26179	-7.43797	6.25	-7.45	1.8174	2.72611
3.35734	-8.36352	4.0813	2.90948	6.3458	-7.29797	6.4	-7.35	2.7248	1.81653
3.61897	-8.25255	4.36624	3.00565	6.55234	-7.24441	6.55	-7.25	2.72477	1.81651
3.89823	-8.14179	4.59638	2.94556	6.61964	-7.17343	6.65	-7.2	1.81957	0.909789
4.21841	-8.09261	4.95874	2.84728	6.74556	-7.15305	6.75	-7.15	1.81957	0.909785
4.52954	-7.9954	5.13542	2.74804	6.91901	-7.04822	6.9	-7.05	2.72946	1.81964
4.87966	-7.94246	5.46605	2.67314	7.06886	-6.94012	7.05	-6.95	2.72946	1.81964
5.20444	-7.84418	5.51007	2.53657	7.12574	-6.81829	7.15	-6.85	1.81554	1.81554
5.54851	-7.74973	5.71424	2.56985	7.25262	-6.73852	7.25	-6.75	1.81554	1.81554
5.8725	-7.63938	5.68446	2.44683	7.30586	-6.61905	7.35	-6.65	1.82007	1.82007
6.19257	-7.50387	5.75467	2.56881	7.45762	-6.53827	7.45	-6.55	1.82005	1.82005
6.51714	-7.37794	5.75411	2.51568	7.59546	-6.48319	7.6	-6.5	2.72628	0.908764
6.83976	-7.23871	5.80175	2.60922	7.74315	-6.44913	7.75	-6.45	2.72628	0.908764
7.15906	-7.11148	5.73768	2.49809	7.8486	-6.40709	7.85	-6.4	1.81656	0.908285
7.44975	-6.94436	5.67299	2.63028	7.9584	-6.34152	7.95	-6.35	1.81656	0.908281
7.74665	-6.80258	5.56306	2.54027	8.05398	-6.23227	8.1	-6.25	2.73006	1.82003
7.99866	-6.61289	5.40428	2.70037	8.24773	-6.1485	8.25	-6.15	2.73005	1.82003
8.27023	-6.45689	5.2718	2.64037	8.32369	-5.98136	8.4	-6.05	2.72692	1.81795
8.49023	-6.25504	5.06133	2.79746	8.55156	-5.93992	8.55	-5.95	2.7269	1.81794
8.74343	-6.10189	4.91569	2.67756	8.63806	-5.84559	8.65	-5.85	1.81844	1.81844
8.91148	-5.88235	4.60797	2.84896	8.7543	-5.75242	8.75	-5.75	1.81843	1.81843
9.15114	-5.72704	4.52907	2.77432	9.00947	-5.71389	8.9	-5.65	2.72464	1.81643
9.30216	-5.51232	4.23671	2.90739	9.06113	-5.54128	9.05	-5.55	2.72465	1.81643
9.50595	-5.35031	4.10132	2.8064	9.13937	-5.44533	9.15	-5.45	1.81916	1.81918
9.61375	-5.13006	3.75535	2.92942	9.24452	-5.3352	9.25	-5.35	1.81916	1.81916
9.78466	-4.95926	3.6229	2.88085	9.26221	-5.25032	9.35	-5.3	1.81895	0.909466
9.88986	-4.75499	3.35282	2.93232	9.43645	-5.25801	9.45	-5.25	1.81894	0.90947
10.0702	-4.60797	3.30023	2.78164	9.71784	-5.19928	9.55	-5.1	1.81986	2.72981
10.1358	-4.40367	2.97184	2.83943	9.64908	-4.9531	9.65	-4.95	1.81987	2.72981
10.266	-4.24244	2.85211	2.77243	9.67182	-4.82288	9.75	-4.85	1.81736	1.81735
10.3343	-4.05566	2.60909	2.78011	9.86682	-4.74721	9.85	-4.75	1.81736	1.81735
10.4585	-3.90343	2.53774	2.71026	9.94653	-4.64316	9.95	-4.65	1.81806	1.81805
10.5257	-3.73066	2.34796	2.68277	10.0706	-4.54316	10.05	-4.55	1.81805	1.81805
10.6694	-3.58338	2.41121	2.71937	10.4074	-4.52899	10.2	-4.45	2.72609	1.8174
10.7582	-3.42365	2.31	2.65156	10.3431	-4.35107	10.35	-4.35	2.72606	1.81737
10.8709	-3.29395	2.23255	2.45058	10.3837	-4.17982	10.4	-4.2	0.908945	2.72688
10.9101	-3.13763	2.02129	2.40471	10.4578	-4.07071	10.45	-4.05	0.908953	2.72687
11.0073	-3.00284	1.98741	2.39366	10.5531	-3.94939	10.55	-3.95	1.81903	1.81904
11.0532	-2.85846	1.84295	2.32591	10.6424	-3.84126	10.65	-3.85	1.81902	1.81903
11.1293	-2.72867	1.77057	2.28533	10.6157	-3.63689	10.75	-3.7	1.81931	2.72896
11.1874	-2.59862	1.69584	2.20178	10.8572	-3.53957	10.85	-3.55	1.81931	2.72896
11.2519	-2.49664	1.62342	2.07343	10.8149	-3.35552	10.9	-3.4	0.999745	2.99928
11.2716	-2.38233	1.48879	2.02109	10.9372	-3.24816	10.95	-3.25	0.999754	2.99928
11.3312	-2.26081	1.44428	2.07861	10.9078	-3.10703	11.05	-3.15	1.81764	1.81765
11.391	-2.14887	1.43216	1.9817	11.135	-3.05697	11.15	-3.05	1.81763	1.81764
11.4601	-2.05165	1.39368	1.85015	11.1507	-2.87978	11.2	-2.9	0.909657	2.72896
11.4985	-1.94795	1.32683	1.77145	11.2571	-2.74346	11.25	-2.75	0.909648	2.72893
11.5484	-1.90301	1.21305	1.31025	11.2614	-2.58697	11.2	-2.6	-0.998725	2.99617
11.488	-1.81654	0.912005	1.29396	11.1393	-2.45312	11.15	-2.45	-0.998725	2.99616
11.5171	-1.74697	0.847561	1.24433	11.2346	-2.28949	11.2	-2.3	0.908813	2.72643
11.4868	-1.66745	0.675338	1.21182	11.239	-2.16508	11.25	-2.15	0.908805	2.7264
11.494	-1.5962	0.596093	1.20798	11.1623	-1.9797	11.3	-2	0.909855	2.72956
11.4857	-1.5256	0.511228	1.17349	11.3424	-1.85113	11.35	-1.85	0.909847	2.72953
